-36.962000,-24.154000
-11.688000,-18.060000,-18.060000,-18.060000,-23.639000
-48.322000,-46.894000,-46.894000
1.636000,6.991000,-48.069000,11.452000
34.969000,34.969000
45.707000,-15.140000,32.793000
1.996000,18.892000,18.892000,18.892000,-33.773000
-20.397000,21.460000,46.261000
34.344000,31.666000,-14.167000,13.290000
40.019000,-44.729000
30.789000,44.469000
-49.164000,34.686000,-19.601000,-19.601000
-3.374000,-8.643000,27.644000,27.644000
-47.681000,44.692000,44.692000
-19.475000,-19.475000,-44.979000,-44.979000
-39.708000,9.426000
9.245000,1.258000
-42.308000,-13.892000,-13.892000,32.733000
24.096000,23.775000,-41.947000
-43.431000,10.077000,-16.730000,40.351000
-21.839000,-1.419000,-1.419000,49.003000,1.421000
7.891000,21.246000,21.246000,-46.015000,-46.015000
28.080000,-31.036000,-17.953000,-17.953000,-15.209000
49.623000,-45.759000
-43.650000,8.962000,-24.660000
3.933000,3.933000,-45.806000,47.908000
-20.590000,29.425000,42.155000,-19.865000
33.744000,-43.827000,46.972000
-33.825000,15.546000,21.380000,21.380000
-23.690000,2.485000,2.485000,41.281000
-13.781000,-13.781000
15.629000,-10.699000,-10.699000,46.805000,-10.575000
14.085000,47.100000
-43.098000,-23.913000,-23.913000,47.467000,47.467000
-26.224000,-26.224000,-45.981000,-45.981000,38.456000
-32.516000,46.335000,37.633000,31.944000
20.008000,14.985000,16.966000
45.147000,45.147000,45.147000,-3.685000,-3.685000
-33.292000,-33.292000,-39.612000
-3.506000,-5.379000,-14.420000,33.281000
-34.260000,-34.260000,47.683000,20.025000,-29.665000
36.016000,36.016000,36.016000,7.775000,-43.803000
-10.804000,-18.138000,-18.138000,-1.813000
-11.833000,-11.833000,23.746000,-3.605000
20.650000,-44.322000,22.658000,22.658000
42.992000,42.992000,42.992000
29.082000,-16.815000
-10.522000,-10.522000,12.383000
-29.555000,-29.555000,-1.391000
8.593000,-42.413000
8.117000,34.152000
-31.076000,-1.918000,-1.918000,-8.927000
-36.736000,3.525000,-0.333000,36.023000,41.876000
3.003000,-5.919000
10.929000,10.929000,10.929000,10.929000
40.882000,48.754000,48.754000,-32.323000
4.272000,17.383000,17.383000,17.383000
-38.173000,-22.808000
43.372000,46.896000,46.896000,-0.102000,-0.102000
18.686000,33.621000,-18.854000
-13.053000,17.881000,18.102000,18.102000
-27.627000,-27.627000,-32.283000,-32.283000
-20.457000,-35.284000,-35.284000,-22.070000
-46.507000,-46.507000
-48.940000,-48.940000
9.555000,9.555000,40.700000,39.524000
-34.122000,-29.287000,-9.001000,49.295000,10.801000
-14.598000,-14.598000,0.117000,0.117000
28.047000,-19.490000,-42.863000,12.844000,41.124000
16.228000,16.228000,16.228000,-15.566000,7.255000
-42.977000,-42.977000,-42.977000
-3.870000,40.216000,40.216000,48.989000
-19.247000,-40.305000,6.516000,6.516000
38.085000,-29.152000,-29.152000
37.075000,21.556000,45.465000,45.465000
0.611000,0.611000,0.611000,40.483000,-42.128000
-24.005000,29.687000,37.999000,17.337000
12.208000,45.257000
34.759000,-20.500000,-46.820000
-11.839000,35.995000
-3.914000,49.469000
35.445000,35.445000
43.316000,43.316000
0.562000,22.518000,6.030000,-23.380000
34.480000,18.528000
-12.019000,-12.019000
-8.840000,-8.840000
37.165000,37.165000,37.165000,-38.844000
27.668000,27.668000,27.668000
39.916000,31.425000,49.713000,29.038000
43.797000,23.979000,23.979000,-7.493000
15.514000,33.356000,-20.909000
43.838000,-3.336000,-35.203000,-45.245000,-35.837000
-48.688000,2.729000,13.252000,-29.173000
-49.532000,42.972000,42.972000,-14.522000,-30.471000
-40.387000,-44.899000,-29.961000,-36.365000,-26.461000
1.880000,13.235000,-13.754000
25.912000,25.912000,25.912000
48.862000,33.050000,-48.011000,29.360000,38.050000
-36.523000,-36.523000,-31.423000,-4.872000,28.267000
0.858000,-5.867000,-5.867000
17.316000,-32.654000,-49.927000,-24.190000
-33.612000,-25.722000
20.653000,5.841000,-47.475000,6.365000,37.894000
22.742000,49.265000,16.070000,-40.873000
-32.824000,-32.824000
-15.478000,23.972000,-4.521000,-4.521000,4.338000
26.655000,-49.181000,33.692000,-48.187000,-19.042000
11.054000,-45.081000,18.694000,18.694000,18.694000
-27.149000,4.262000
-11.383000,-11.383000,-11.383000,-11.383000
-6.375000,23.746000
-34.558000,-34.558000,-2.063000,-2.063000,-0.251000
25.926000,33.537000,33.537000,-6.146000,-34.638000
-23.863000,-15.130000,-15.130000,23.486000,-44.319000
23.737000,42.782000
40.112000,-3.782000,6.160000
26.706000,1.129000,-4.638000,-17.745000
28.519000,28.519000,-40.707000
-6.691000,37.107000
-32.352000,33.950000
-34.828000,14.423000,-26.633000,-26.633000
5.104000,-12.483000
-15.287000,-15.287000,-15.287000,-15.287000
-33.305000,-48.172000,-48.172000,-48.172000
-46.025000,5.282000,5.282000,5.282000,5.282000
30.433000,-2.312000
-41.007000,-12.945000
-30.786000,-30.786000,6.731000,-4.845000
-41.593000,18.685000,45.038000,45.038000,19.944000
-23.659000,-23.659000,-32.578000,-32.578000,-0.061000
4.413000,4.413000,4.413000,-42.031000
-4.957000,-42.028000
33.913000,-49.359000
-9.656000,47.974000,-29.093000,37.810000
0.120000,29.008000
-18.427000,46.876000,46.876000
1.288000,1.288000,-35.307000,-35.307000
9.735000,-18.738000,48.201000
-34.139000,-46.456000
-24.537000,12.636000
6.798000,-5.932000,-5.932000,-18.899000
46.140000,34.032000,29.264000,-17.664000,-17.664000
5.626000,14.562000,14.562000,12.762000
34.771000,34.771000,-23.499000
-27.381000,-27.381000,29.416000
3.730000,25.116000
2.885000,2.885000,-13.084000
42.070000,-21.552000
0.359000,0.359000
-35.080000,-35.080000
27.682000,43.398000
24.680000,33.646000,33.646000
43.307000,43.307000,-2.964000,-23.230000
29.962000,29.962000,-33.122000,-33.122000
-33.038000,-27.235000,-43.340000,32.240000
21.107000,48.670000,-22.146000,-22.146000
-38.501000,-38.501000
-45.194000,-4.911000,24.436000,24.436000
4.398000,-21.623000,-21.623000
15.117000,15.117000,15.117000
5.557000,5.557000,-12.203000,-12.203000
47.718000,35.972000
-7.096000,-7.096000,-36.451000
-8.125000,-41.104000,-41.104000,30.755000,30.755000
0.638000,11.017000,20.915000,-48.735000
-45.191000,-45.191000,-7.395000,-19.374000
-15.030000,15.893000,15.893000
-47.037000,-47.037000,-5.163000,9.672000
37.674000,-34.027000,-34.027000,-34.027000
-11.568000,42.686000
-43.014000,42.493000,10.639000
16.931000,16.931000,16.931000
-42.138000,29.773000,29.773000,21.195000,39.111000
-44.721000,-38.801000,-6.365000
-13.233000,-22.955000,8.091000,-0.526000
-42.779000,20.211000
-32.081000,-32.262000,19.336000,49.592000
-46.675000,-46.675000
42.435000,42.435000,-29.903000,10.756000
44.124000,44.124000,-28.831000,37.229000
39.484000,39.484000,-9.528000,35.436000,-21.516000
28.210000,28.210000,27.801000,15.548000
21.759000,-7.101000
28.079000,-2.434000,-7.468000,20.949000
35.098000,49.598000,49.598000,-7.284000
-28.014000,23.444000,-18.675000,-1.711000,-1.711000
-39.726000,28.041000
-32.923000,18.843000,18.843000,-33.591000,-38.120000
-42.085000,-42.085000,16.091000,16.091000
-28.934000,-13.772000,-3.957000
43.521000,43.521000,-8.190000,-8.190000,-8.190000
-19.991000,-15.884000
39.757000,-7.759000,-30.633000,-30.633000
30.863000,30.863000,-22.544000
-28.261000,24.277000,34.859000,35.674000
-39.151000,5.854000,-16.045000,-45.259000,-34.552000
-38.952000,-8.186000
14.308000,-17.505000,-7.958000,31.852000,22.825000
-31.872000,-6.779000,14.429000
47.516000,47.516000,47.516000,-22.066000,50.000000
39.852000,21.531000,-29.349000,4.188000
24.524000,24.524000,-33.434000,-47.901000,-47.901000
-44.311000,-23.778000,-42.823000
27.805000,15.926000,8.062000,8.062000
8.061000,35.480000,35.480000,35.480000
44.158000,-9.434000
35.932000,49.363000,-16.457000,38.560000,-42.850000
-11.115000,49.928000
-16.136000,45.460000,12.682000,12.682000,12.682000
-34.146000,-34.146000
-36.082000,-36.082000,-36.082000,-38.347000
-38.742000,16.883000,22.443000
-47.685000,-47.685000,-47.685000,-47.685000
-18.447000,-18.447000,15.416000
-1.015000,12.295000,18.248000,18.248000,2.956000
18.076000,15.691000,15.691000,-16.789000
24.595000,-31.586000,18.438000
-17.857000,-34.207000,25.483000,-40.342000
-39.601000,-40.084000,-40.084000,-40.084000
5.729000,-18.881000,-30.822000,48.703000
40.856000,-32.762000,-17.992000,-37.513000,6.379000
-5.625000,-5.625000,-30.143000
-39.581000,43.355000
20.671000,16.006000
-28.224000,29.952000,-13.714000,3.492000
-24.033000,-24.033000,41.417000,-48.247000
-32.143000,-1.468000
-19.698000,32.088000,9.712000,-43.386000
-36.487000,-36.487000,-36.487000
44.437000,-7.702000,-1.829000
-47.283000,-47.283000
38.122000,44.793000,14.891000
-26.609000,-2.773000
3.324000,3.324000,16.582000
-39.448000,-39.448000,-39.448000,-4.145000
36.412000,41.665000
39.517000,-43.882000,-43.882000
-40.505000,-40.505000,-45.712000,-45.712000,-47.017000
37.918000,44.901000,-3.272000,-42.177000
23.163000,23.163000
47.228000,17.742000,17.742000,9.407000,6.680000
-31.535000,-13.889000,-20.732000,-17.754000
-48.985000,-25.564000,-25.564000,-25.564000,-19.827000
31.947000,-14.876000,-30.988000
2.336000,40.828000,-36.953000
-1.679000,-0.525000,-31.362000
44.745000,-28.297000,13.061000
12.219000,12.219000,-2.344000,-8.178000
38.779000,38.779000,-6.112000,-6.112000
46.224000,-21.142000,7.759000,7.759000
-22.516000,-2.697000,-35.848000
44.026000,19.038000,8.571000,-5.417000,-5.417000
1.415000,8.732000,41.858000,41.858000,41.858000
-38.295000,-38.295000,-9.438000,43.156000,43.019000
-1.781000,16.761000,32.369000,48.224000
-32.127000,32.662000
-22.987000,-36.131000,-29.696000,-19.089000,-19.089000
-28.403000,-31.555000,-3.755000,0.150000,-26.036000
-35.884000,-12.450000
-3.346000,-3.346000,-3.346000,-3.346000
-18.497000,-18.497000
8.516000,42.531000,42.531000,-3.407000,6.576000
0.075000,-46.821000,-41.496000
7.219000,7.219000,-21.992000
-27.627000,15.003000,13.893000,17.085000
21.214000,8.763000,40.099000,-22.703000,47.886000
-40.728000,-40.728000,21.530000
-37.081000,-37.081000,20.137000,28.010000
-7.049000,13.701000,19.409000
-2.336000,-42.306000
34.300000,-1.394000
-32.250000,-32.250000,-34.364000,-13.635000
-12.473000,34.054000,37.928000,-29.418000,31.986000
35.311000,35.311000,35.311000,35.311000
-39.980000,38.270000,9.804000,9.804000
-41.591000,-48.081000,-48.081000,-48.081000,-34.012000
-34.190000,-31.680000,-31.680000,-43.752000
-25.459000,35.825000,-16.081000
-24.307000,-30.031000,18.108000,3.425000
30.808000,-13.681000,-10.487000,-48.165000
-13.383000,22.877000,22.877000,22.740000,22.740000
26.579000,35.435000,11.896000,-19.404000,-19.404000
0.565000,-35.358000
26.724000,-10.389000,28.872000,3.831000,3.831000
-39.102000,31.480000,31.480000
-37.940000,-29.664000,-16.907000,-15.677000
-49.139000,-23.909000,-23.909000
26.656000,-35.148000,38.472000
25.069000,-13.724000
6.620000,-38.327000,21.892000,21.892000
48.138000,-42.194000
4.100000,7.439000,7.439000,8.299000,12.485000
-7.693000,8.495000,24.598000
-35.437000,-0.244000,42.120000,36.614000
23.893000,46.944000,6.643000,-17.011000,-17.011000
23.887000,-5.324000,40.854000,40.854000,40.854000
-20.921000,46.095000,46.095000
-6.938000,-13.832000
1.639000,49.192000,-17.922000,-17.922000,-17.922000
48.267000,-18.824000,-21.484000
-44.858000,-17.895000
1.923000,38.186000,38.186000
-49.910000,-49.910000,36.591000,-15.007000
-28.504000,-28.504000,-29.313000
33.122000,33.122000,-37.858000,-37.858000
-6.682000,-46.445000,-21.565000,12.851000,-33.453000
-17.958000,-20.317000,41.687000,-31.278000,48.868000
-8.139000,-8.139000,-8.139000,-39.618000,-39.618000
-17.978000,-17.978000
-42.939000,21.648000,11.849000,25.239000,-6.061000
-43.574000,-43.574000,-43.574000,-41.889000,-41.889000
-23.167000,48.851000,1.768000,1.768000,-35.685000
-13.522000,-13.522000
-25.737000,-16.186000,40.635000,-32.785000
-30.334000,-15.345000,-1.660000,-40.694000,-40.694000
48.847000,48.847000,-41.246000
-36.111000,17.631000,17.631000,17.631000
-38.800000,39.116000,14.456000
40.829000,17.356000,-4.194000,-4.194000,30.460000
48.295000,48.295000,32.742000,-43.375000,5.417000
0.453000,25.900000
-5.973000,30.446000,46.204000,40.690000
42.490000,42.490000
9.846000,9.846000
-3.132000,-7.986000
-12.190000,3.118000,-7.053000,37.724000
25.120000,17.667000,6.260000,-48.246000,16.921000
-43.733000,8.617000,8.617000,24.365000
-21.313000,-44.531000,27.933000,-43.988000
-46.074000,3.987000,-35.713000,-11.212000
-29.984000,-29.984000
-18.290000,-18.290000,48.630000
1.694000,-1.867000,45.366000
-40.948000,8.416000
42.254000,15.329000,15.329000,19.255000,-48.624000
-10.886000,21.710000
23.741000,-49.702000,3.076000,-45.920000
47.419000,40.725000
5.684000,6.921000,6.921000
21.441000,21.441000
-13.230000,-13.230000,-43.976000
6.751000,-15.806000,-39.344000,34.215000
-23.932000,-23.932000,21.793000,21.793000
19.211000,8.563000,-40.255000
24.000000,24.000000,-4.560000,1.411000
-18.280000,38.233000,13.537000,10.993000,10.993000
36.763000,-39.994000,-2.109000,34.622000
-46.910000,45.696000,20.912000
-16.562000,44.920000,44.920000,44.920000,-21.729000
38.107000,10.793000,48.593000,48.593000
22.604000,12.662000
-14.189000,-14.189000,-14.189000
10.113000,24.151000,-33.951000,34.856000
19.240000,-33.591000,-29.883000,-29.883000
42.677000,-40.572000,25.809000
-8.559000,30.623000,-35.631000
-46.943000,-46.943000,-46.943000,-46.943000,-39.476000
13.916000,34.072000,-1.939000,28.538000
49.412000,49.412000
23.783000,23.783000,23.783000,23.783000,23.975000
36.240000,21.852000,-9.949000,-9.949000
-20.090000,-20.090000
29.882000,29.882000,29.882000,-39.432000
42.569000,-33.689000
-26.903000,19.761000,39.506000,8.527000
-44.109000,13.944000
8.183000,-4.384000,-4.384000,-47.843000
42.570000,-41.975000,-41.975000,1.822000,1.822000
-5.609000,41.055000,18.858000,35.257000
46.282000,37.745000,2.239000
-17.060000,28.428000,39.984000,39.984000
42.141000,30.401000,-37.173000,-13.299000
-5.902000,-40.962000
-47.502000,8.717000,-40.209000,-40.209000,6.138000
24.553000,45.926000,2.745000,2.745000,2.745000
1.013000,-15.131000,-5.541000
18.642000,46.526000,-4.478000
-7.672000,-39.533000,44.096000,26.653000,26.653000
-17.209000,49.849000,3.635000,43.911000
33.567000,29.001000,21.508000,42.084000
-46.542000,-46.542000,-13.252000
-14.173000,-14.173000,-14.173000
-4.062000,16.034000,0.535000,0.535000
-41.756000,-41.756000,-41.756000,48.518000
39.866000,39.866000
18.867000,48.604000,-28.207000
-42.860000,7.795000,4.328000
-27.037000,-10.086000
47.239000,41.490000,47.276000
6.017000,6.017000,-32.104000,-32.104000,-42.239000
10.970000,10.970000,10.970000,30.309000,39.510000
-14.142000,-18.664000,-18.664000,4.298000,30.840000
-33.841000,-33.841000,13.932000,13.932000
-30.051000,-30.051000,-12.156000
-11.153000,-21.457000,-21.457000,-22.691000
-47.459000,-1.100000
33.724000,33.724000,23.908000,25.622000
-32.031000,-32.031000
-45.246000,22.918000,22.918000
42.866000,30.039000,-29.182000,26.314000
-31.298000,-31.298000,-31.298000,-31.298000
-25.465000,41.074000,-26.805000,32.166000,38.019000
28.292000,28.292000,28.292000,28.292000,6.897000
25.410000,-16.808000,30.472000,24.334000,-46.630000
5.330000,5.330000,5.330000,-45.428000,-45.428000
-37.170000,9.886000,9.886000,9.886000
19.989000,-15.257000,-7.029000
-39.136000,-39.502000,-1.977000,-8.903000,-9.720000
-44.598000,3.212000,3.212000,-40.374000
-47.441000,-47.159000,-33.001000,-33.001000,14.903000
15.430000,15.430000,-41.599000,-17.346000,-4.770000
21.255000,-15.623000,-15.623000,-17.742000
34.769000,34.769000,39.210000,39.210000,41.769000
6.979000,19.207000,-28.857000,-27.362000,-27.362000
-5.571000,-5.571000
27.083000,-36.283000,-36.283000,-36.283000,-45.262000
26.346000,-8.566000
-27.536000,0.324000
9.699000,19.766000,7.731000,21.492000,21.492000
44.130000,-43.163000,10.418000
-34.360000,-34.360000
36.001000,-36.068000,-36.068000,40.277000
22.258000,0.197000,0.197000,17.754000
-6.192000,4.194000,26.491000,30.410000
-30.185000,6.409000,-43.728000,24.011000
-29.227000,2.972000,0.750000,0.750000
28.484000,26.372000,-16.128000,-16.128000,-16.128000
-28.106000,-24.418000,-39.556000,-46.158000
21.082000,-33.575000
5.968000,-46.536000,18.930000
43.833000,-35.774000
-21.385000,-21.385000,-45.014000,17.553000,17.553000
-11.059000,1.774000,-21.602000,-34.211000,-27.768000
31.935000,-33.677000,36.814000,28.762000,33.262000
9.377000,9.377000,37.991000,37.991000
42.977000,1.457000,1.457000,40.397000,40.397000
4.919000,-6.606000,-6.606000
15.626000,-26.415000,23.899000,41.096000,41.096000
-3.161000,-3.161000,-43.784000
13.065000,13.065000,-3.031000,-3.031000,-3.031000
13.231000,38.822000
36.791000,3.659000,-35.552000
45.809000,45.809000,-49.909000,30.380000
-10.393000,-11.975000,-16.529000
40.985000,40.985000,5.613000,-24.372000
-8.072000,-8.072000,-19.250000,-25.773000
36.763000,38.937000,38.937000,10.960000
0.310000,31.346000,-3.511000
29.521000,-14.556000,4.027000,12.206000
25.481000,25.481000
-32.591000,-32.591000,-32.591000,-40.202000
-27.353000,-27.353000,-38.417000,-38.417000
22.543000,22.543000,29.425000
49.558000,12.916000
38.955000,38.955000,-7.019000,15.044000,-44.182000
44.080000,-20.431000,-20.431000,-20.431000
26.098000,26.098000
-16.369000,-35.442000
28.156000,28.156000,28.156000
5.097000,5.097000,5.097000
28.081000,28.081000
30.919000,-3.292000
18.050000,48.838000,25.752000,-14.896000
17.773000,-8.834000,-5.167000,-31.743000
-25.066000,35.661000
17.509000,17.509000,35.521000,-11.542000,-6.338000
-1.401000,-1.401000
-48.876000,-48.876000,-48.876000,-48.876000
-30.831000,34.641000
15.176000,15.176000,15.176000,-43.403000
-13.113000,-2.921000,36.516000,35.410000
44.486000,23.928000,27.755000
-22.228000,-22.228000,-33.767000,-33.767000
-16.899000,-25.464000,-16.705000,-16.705000
-41.502000,-37.322000
-11.449000,-33.006000,-31.798000,-6.638000
-6.778000,14.165000
-5.016000,-5.016000,-5.325000,-24.626000,-39.133000
-18.644000,26.215000
-24.887000,-24.887000,-24.887000,44.974000
15.327000,10.056000,-5.139000,16.641000,2.013000
49.263000,28.852000
-7.477000,46.295000,1.957000,-23.630000,-23.630000
-47.416000,17.677000
-28.890000,-28.890000,-28.890000
9.780000,-25.773000
1.373000,-0.301000,-0.301000
33.567000,33.567000,12.419000,12.419000
35.945000,-21.170000
25.143000,-28.787000,7.783000
35.382000,40.284000,40.284000
4.455000,-20.970000,-20.970000
30.403000,22.371000,46.729000
2.606000,-31.644000
26.075000,42.273000,-7.798000
10.103000,35.122000,-17.411000,-17.411000
-27.127000,33.065000,33.065000
-37.906000,-37.377000,-37.377000,34.993000
14.436000,-38.026000,-38.026000,-13.734000
13.586000,10.553000,45.954000,19.201000
-11.459000,1.579000,1.579000,-48.084000
-48.011000,-48.011000
7.997000,36.743000,39.482000,40.139000
8.085000,39.698000,39.698000,3.283000,35.916000
-31.157000,-21.730000,-21.730000,-19.940000
-5.800000,3.412000,6.709000,-29.401000
-0.233000,-9.591000,3.451000,19.660000
-49.739000,-44.114000,-37.360000,-38.461000
-2.383000,49.979000,13.222000,49.030000
34.759000,-16.226000
47.718000,6.173000,11.712000,11.712000
-34.837000,6.393000
-22.611000,-17.416000
-21.611000,14.551000
-41.026000,-41.026000,6.508000,-19.886000,3.303000
-42.021000,-42.021000,-44.303000,-37.489000,-46.841000
-10.087000,-13.780000,-13.780000
13.609000,27.603000,-9.557000
31.171000,-2.066000,-9.385000,-40.287000
9.980000,35.600000
0.090000,23.654000,23.654000,-23.166000,-23.166000
16.747000,49.760000
8.036000,25.106000
29.988000,24.598000,6.087000
-25.011000,-25.011000
-15.299000,36.953000,36.953000,4.911000,44.967000
-10.658000,5.398000,-37.045000
-2.947000,35.196000,26.081000,-9.274000,25.849000
-32.773000,-12.144000
-21.362000,26.916000,26.916000,24.631000
-43.308000,-5.936000
11.777000,11.777000
45.813000,-37.204000
-30.854000,-30.854000,45.227000
38.678000,-15.859000
18.521000,-8.143000,44.713000,37.651000
8.468000,-10.124000,34.717000,34.717000,-3.507000
41.067000,33.850000,35.169000,-48.146000
48.222000,-28.201000
44.286000,-31.962000,17.657000
5.074000,5.074000
-4.147000,28.706000,28.706000
13.422000,48.382000
-2.915000,-2.915000
-19.065000,-19.065000,-16.070000,-16.070000,-16.070000
5.308000,5.308000,5.308000
-31.894000,-31.894000
35.763000,15.027000,-5.097000,42.913000
46.609000,46.609000,46.609000,39.263000,39.263000
28.711000,-5.705000,-5.705000
28.225000,7.056000,-27.509000
42.044000,42.044000,41.750000,41.750000,-29.771000
-36.666000,7.943000,38.739000,47.128000
-29.173000,-29.173000,-29.173000
15.100000,28.482000,-41.581000
-45.697000,17.083000,-35.164000,48.877000,48.877000
30.913000,21.104000,-1.133000,35.918000,-25.027000
2.240000,11.294000,23.451000,23.451000
45.322000,45.322000
-46.259000,-4.848000,47.751000,47.751000,47.751000
20.822000,-42.247000
-48.114000,-48.114000,-48.114000,-34.910000,-44.135000
-43.905000,-9.196000,46.734000
12.869000,-40.424000,-8.688000,17.500000,17.500000
15.251000,16.582000
-20.769000,-20.120000
-15.180000,10.674000
-26.174000,41.437000
-17.605000,-45.308000,-45.308000,-31.054000
-3.263000,49.483000,49.483000,16.983000
-25.632000,-17.078000
4.362000,-26.116000,-26.116000,8.704000,8.704000
-5.724000,-19.909000,30.690000,35.252000,35.252000
-18.474000,-25.079000,-25.079000,-25.597000
24.685000,24.685000,49.053000,23.745000
27.980000,-36.115000,29.013000
5.198000,5.198000,22.000000,2.574000,25.379000
-11.929000,19.351000
12.567000,25.244000,25.244000,-0.071000,-0.071000
-1.019000,-21.507000,29.954000,2.866000,-6.598000
47.372000,-7.685000,-10.903000,-10.903000
-35.524000,10.131000,-47.935000
-35.311000,27.772000
13.602000,30.014000
26.680000,26.680000,-34.339000,-38.769000
-45.885000,43.978000,30.836000,20.858000,-18.818000
-15.592000,3.048000,3.048000
5.576000,-34.362000
-47.123000,-47.123000,32.891000,32.891000
14.878000,3.385000
5.662000,-19.066000,-34.112000
41.130000,-46.722000,33.363000,33.363000
-2.742000,-18.001000
-45.182000,-21.145000,-13.906000,49.209000,-44.316000
33.862000,40.318000,-44.224000,-8.386000,-21.884000
-42.801000,-42.801000,-42.801000,13.658000
13.729000,-27.252000
-25.867000,-21.056000,15.730000
11.082000,34.022000,-48.128000,-33.120000
28.564000,-45.583000,-11.275000,44.210000,-37.172000
14.183000,14.183000,-22.088000,-22.088000,-26.361000
45.337000,14.520000,-32.379000,-23.995000,42.367000
19.526000,-29.935000,-18.099000,18.265000,18.265000
12.475000,19.841000,30.731000,29.018000,-16.274000
-17.719000,-7.873000,-7.873000,-46.807000
-14.620000,-45.874000,7.072000
-13.009000,-13.009000,18.891000,40.005000
8.630000,6.063000,36.472000,24.796000
-4.565000,-37.721000
3.779000,12.579000,7.597000
48.937000,48.937000,-23.318000
-7.160000,-28.999000,-17.437000,4.584000
31.247000,-21.860000
43.534000,34.512000,-39.632000,-39.632000,-39.632000
-3.188000,0.662000,33.304000,-40.696000
34.913000,-36.039000,49.658000,42.331000,7.579000
-45.702000,3.976000,-1.458000,47.370000
-43.467000,-23.915000,-23.915000,-23.915000
-46.459000,33.264000,33.264000,42.568000
-2.883000,20.901000
-21.789000,17.199000
13.440000,14.727000,18.088000,18.088000
-34.403000,-34.403000,-34.403000,-47.730000
49.964000,49.964000,49.964000
-5.430000,40.349000,8.672000,3.891000,3.891000
-21.241000,-25.948000,-25.948000,-25.948000
-39.930000,39.757000
-12.244000,43.754000,-25.578000
-15.441000,-34.152000,-32.794000,27.217000
-40.299000,-40.299000,6.990000,-20.794000
16.640000,49.231000,-29.495000
22.666000,26.478000,48.851000,-5.423000
-8.539000,15.698000
26.307000,26.307000,26.307000,26.307000
26.340000,9.552000
12.348000,12.348000,-12.473000,42.166000
-23.331000,-26.522000,-26.522000
49.956000,22.617000,44.733000,8.456000
19.454000,-18.501000,-22.687000,-6.640000
-17.484000,-28.027000,-28.027000,19.498000
14.416000,19.147000,19.147000
42.625000,42.625000,42.580000
-29.285000,-14.694000,18.031000
43.924000,-28.003000,-20.375000,-44.918000
31.670000,5.250000,5.250000
-25.252000,22.752000
28.069000,10.743000
4.252000,13.274000,13.274000
22.848000,4.026000,-29.371000
-6.809000,-40.328000,-40.328000,-40.328000,-43.908000
-27.255000,-0.020000,36.088000
-46.167000,-46.167000,17.667000,-42.335000
-7.917000,-7.917000,21.638000,-3.126000,34.664000
23.614000,-39.874000,-39.874000
-48.096000,-48.096000
25.351000,18.100000,1.863000,34.233000,-23.314000
-26.639000,-21.132000
-47.991000,-47.991000
23.647000,-41.104000,-41.104000,26.397000
6.107000,6.107000,6.775000,6.775000,13.535000
25.026000,39.108000,35.822000,35.822000
-37.492000,-37.492000,22.435000,1.222000
-26.784000,-1.909000,-27.860000,45.059000
-29.676000,35.059000,35.059000,23.486000
21.475000,-44.198000,-23.629000,38.930000,38.930000
-48.562000,-48.562000,23.872000
22.437000,-9.120000,-9.120000,-9.120000
-42.180000,-47.257000,14.130000
41.414000,11.848000,21.438000,-47.839000,-47.839000
-21.468000,-24.640000,-24.799000,-27.505000
-49.330000,-31.149000,31.038000
-4.610000,-4.610000,39.196000,39.196000
3.326000,-39.881000,-39.881000
25.017000,-9.458000
-7.336000,-7.336000
2.593000,-16.050000,-16.050000,6.445000,-20.202000
-6.942000,-6.942000,-6.942000,-25.828000
9.939000,7.827000,7.827000,-46.802000,-46.802000
-39.582000,-23.895000,-9.044000,-22.070000,-28.640000
30.615000,30.615000,-12.941000,39.187000
16.417000,-38.697000,42.141000,42.141000,42.141000
-14.509000,22.202000,-8.650000
-0.894000,8.986000,-3.915000,-22.006000
-0.887000,23.363000,-32.358000,21.624000
-5.917000,24.797000
2.047000,-16.951000,22.445000,28.579000,-42.772000
27.527000,-24.942000,6.398000
14.265000,14.265000,-36.622000,-12.747000
10.286000,-16.733000
41.756000,41.756000,-2.859000
-41.154000,-41.154000,31.290000,-22.075000,5.957000
-46.538000,22.911000,18.687000
-45.762000,-42.058000,45.721000
29.259000,42.868000,-26.880000,-26.880000,-26.880000
-18.236000,23.875000,6.532000,10.682000
31.100000,-17.691000,-17.691000,-44.781000,47.614000
-21.229000,7.212000,-3.588000
-24.356000,45.273000,-24.463000,-24.463000
40.566000,-20.812000,-26.387000,-26.387000
34.294000,34.294000,-49.068000,35.264000
-42.297000,-22.527000,-11.433000,-11.433000,34.953000
-33.410000,-23.007000,-1.234000,41.758000
-6.904000,49.955000
-22.970000,-22.970000
-38.676000,-22.156000,8.333000,-7.885000
-27.095000,-26.992000,-2.249000,-3.576000,-3.576000
7.021000,7.021000
-44.214000,7.401000,7.401000
10.819000,10.819000,37.849000
-20.380000,-20.380000,7.464000,26.363000,26.363000
-7.602000,-7.602000,15.406000
20.880000,-48.629000,6.378000,-7.475000,14.177000
29.422000,39.317000,-32.763000,-32.763000
29.418000,-22.739000
28.879000,23.810000
42.230000,-7.075000
31.613000,31.613000,31.613000,31.613000
-20.555000,7.631000
12.609000,16.343000,12.537000,32.271000
-2.545000,9.190000,-12.380000,-2.251000
-19.553000,-19.553000,-3.346000
33.896000,-12.007000,-12.007000
-12.767000,-12.767000,44.864000,44.864000,-33.329000
7.703000,7.703000,7.703000,8.981000
0.333000,-40.127000,-40.127000,-40.127000,14.261000
4.819000,1.908000,1.908000,30.175000,36.828000
20.165000,20.165000,15.028000
11.387000,11.387000,11.387000,10.906000
9.064000,-19.605000,-11.944000,47.350000,47.888000
-31.884000,44.408000,44.408000
-38.899000,30.578000,30.578000
0.742000,0.742000
-34.230000,-0.050000,-0.050000,19.040000,-22.477000
28.260000,-12.501000,48.184000,-20.821000
46.458000,-1.223000
-32.682000,-32.682000,17.515000
49.895000,-22.258000,-22.258000,-22.258000,-23.483000
-9.020000,-32.087000,-32.087000
-3.984000,-3.984000,33.515000,33.515000
-31.637000,-5.659000,20.402000,20.402000
37.720000,37.720000,5.235000,-42.455000
44.282000,44.282000,-12.207000,-36.604000
32.938000,28.125000,28.125000,28.125000
-24.806000,-0.333000
29.202000,29.202000,44.022000,-39.078000
-19.104000,-42.643000,-42.643000,-35.099000
11.283000,-33.750000,-33.750000,-20.354000
-42.099000,5.972000,5.972000,-38.291000
49.118000,31.666000
-15.850000,-15.850000,-15.850000
-39.608000,-39.608000,-39.147000,-39.147000
27.854000,27.854000,-10.863000,12.329000
-24.060000,-24.060000,-16.159000,22.029000,41.208000
-24.949000,-24.949000
-43.284000,29.263000
-9.017000,-33.423000,14.809000
42.430000,-44.716000
-44.761000,37.709000,32.632000,9.542000
-2.510000,20.718000
-46.322000,39.388000,39.388000
46.104000,28.831000,-46.373000
-31.133000,-49.773000,-40.916000
1.580000,1.580000
46.000000,46.000000,28.631000
41.735000,41.735000,-45.795000,-40.998000
-47.507000,-47.507000
-47.939000,-47.939000,30.891000,30.891000,-33.691000
34.808000,11.944000,11.944000,11.944000,39.708000
-40.477000,-40.477000,-40.477000,-40.477000,-40.477000
15.473000,18.680000,-25.928000,-25.928000,-27.539000
-31.938000,-7.028000,-7.028000
-38.875000,-20.617000,-20.617000
41.327000,41.327000,-45.149000,-45.149000
-35.627000,-28.992000,-26.830000,-26.830000,-11.760000
31.508000,-19.275000,-19.275000,-19.275000
-34.428000,2.141000,-34.541000,-20.215000
9.197000,-13.831000,19.301000
-21.450000,5.392000,5.392000,7.918000,-25.943000
-7.278000,-7.278000,-44.967000
-45.066000,-45.066000,-29.495000,-29.495000
-14.972000,-16.483000
1.829000,1.829000
37.997000,45.695000,20.282000
34.408000,1.836000,6.076000,6.076000,48.797000
25.666000,13.055000,13.055000
31.168000,35.159000,-13.869000,-13.869000,-13.869000
-6.027000,-6.027000,-18.030000
-26.968000,39.665000
-4.606000,38.128000,38.128000
14.021000,46.130000,-18.374000,-18.374000
-37.775000,-37.775000,-36.673000,-36.673000
-0.542000,-0.542000,-0.542000,-35.133000
27.737000,45.742000,-42.178000,-42.178000
3.216000,-24.811000,-26.003000
46.895000,-42.660000,-29.916000,-29.916000
-36.326000,4.071000,4.071000
-46.472000,13.363000
28.181000,-18.335000,-14.537000,-17.161000,19.493000
-2.469000,-2.469000,21.527000,21.527000,41.653000
2.402000,29.756000,29.756000
-19.364000,-32.169000,-32.169000,31.145000
-45.329000,48.374000,34.342000,18.769000
4.704000,-46.765000
-17.057000,23.762000,4.104000,-41.939000,27.150000
49.650000,-31.547000
-29.611000,47.609000,22.393000,10.859000
-11.385000,-45.398000,12.381000,-4.354000
11.540000,11.540000
-14.699000,-14.699000,-49.285000,6.446000
41.297000,30.423000
-47.039000,-26.510000
-47.656000,-47.656000,13.202000,-8.536000,21.250000
20.783000,44.492000,42.095000,42.095000,-22.604000
32.175000,21.979000,-44.026000,44.716000
23.024000,23.024000,23.024000
48.246000,48.246000,48.246000,2.752000,-7.443000
-19.707000,-19.707000,10.847000,10.847000,2.942000
-49.431000,-49.431000
32.744000,49.453000,-35.581000,-33.920000
-14.249000,38.021000,-37.998000,-37.998000
-36.904000,33.701000,41.476000,-2.944000,24.840000
41.746000,41.927000
-41.883000,25.058000,-31.147000
-19.019000,-19.019000
-18.204000,-23.743000,-0.406000
47.386000,47.386000,-22.292000
-42.993000,21.945000,-7.405000,37.014000
24.564000,24.564000,32.681000,32.681000
49.243000,48.134000,48.772000,12.019000
-13.109000,-13.109000,25.150000,25.150000
-23.496000,47.898000,-23.890000,37.573000
-33.375000,-33.375000
41.189000,-20.301000,-20.301000,-18.589000
19.057000,-46.664000,-9.821000
33.929000,33.929000,-0.376000,-23.591000,-23.591000
-16.664000,-16.664000,9.445000
49.805000,23.933000,23.933000
15.121000,10.892000,29.781000
-37.897000,-28.153000,-33.335000
30.793000,-10.906000,0.217000
4.391000,20.035000,20.035000,32.267000
34.559000,34.559000,34.559000,6.461000,-26.388000
17.404000,14.157000,24.704000
31.552000,31.552000
-6.423000,-6.423000,32.671000,32.671000,32.671000
3.306000,-5.982000,-2.497000
38.203000,-41.645000
40.553000,20.034000,-0.808000,26.766000
47.143000,-23.658000,-23.658000
6.000000,-37.454000,-37.454000
-38.538000,28.925000,36.968000
-44.200000,-0.774000,-0.774000,7.580000,7.084000
-22.443000,-22.443000
14.994000,34.937000,49.483000,-9.169000,17.277000
3.641000,18.044000,-29.758000,-20.130000,19.909000
-8.320000,-20.329000
26.714000,26.714000,49.110000,-13.457000
29.745000,29.745000,-8.119000
16.911000,16.911000,-15.812000
28.773000,28.773000,-6.125000,10.824000
-34.835000,-40.586000,-0.134000,15.055000
-23.721000,-24.311000
16.892000,16.892000
1.447000,12.655000,-31.071000,10.618000
41.179000,-9.170000
33.266000,15.859000,13.951000,13.951000,-29.205000
-44.492000,-44.492000,-44.492000
-33.801000,-33.801000,-33.801000,-33.801000
43.589000,-2.874000,20.021000
-48.391000,-30.829000
20.029000,47.822000,-41.213000
-39.696000,-39.696000,26.727000,26.727000
32.234000,32.234000,32.234000
45.579000,45.579000,45.579000,45.579000
30.423000,-29.282000,33.225000,33.225000
-36.137000,-18.940000
15.944000,-12.816000
42.562000,-2.533000,-25.786000,9.559000,-29.622000
-29.533000,-32.196000,44.623000
37.723000,-37.886000
41.051000,41.051000,-45.087000,43.719000,43.719000
-27.399000,-4.498000,23.475000,23.475000,47.688000
-22.447000,4.343000,-25.399000,-25.399000,-25.399000
14.921000,14.921000,22.747000,22.747000
13.797000,13.797000,18.710000
-49.612000,12.671000
33.500000,-11.850000
-48.860000,4.662000,-16.303000,39.448000,33.396000
35.246000,-25.334000,-15.081000,-15.081000,28.928000
-13.428000,-13.428000,-21.529000,-21.529000
41.141000,20.931000
-2.879000,-49.548000,32.566000,36.961000,-24.995000
-25.243000,-25.243000
-9.947000,-15.907000,-15.907000
33.595000,18.037000
-10.504000,-10.504000,-24.521000
-10.223000,6.318000
31.570000,31.570000,-15.166000,25.098000,-41.852000
-40.676000,34.852000,34.852000,34.852000,34.852000
-2.071000,49.786000,19.133000,-8.677000,18.588000
2.475000,-48.750000,-2.546000,-2.546000,-2.546000
-32.347000,12.091000,17.949000
-1.230000,-2.955000,23.810000,-2.941000,-7.592000
-26.435000,16.796000,28.628000,-18.312000
-6.252000,-10.106000,-10.106000,-17.093000
-16.591000,-16.591000,22.854000
-47.522000,11.507000,2.491000,40.835000,40.835000
-16.757000,30.620000,-36.811000,-26.590000,27.194000
42.320000,44.406000,44.406000,-22.688000
9.296000,-48.001000,30.673000,3.773000
3.999000,27.496000,-44.187000,28.076000
-34.831000,15.396000,-3.732000,-12.131000
-43.713000,45.185000,45.185000
-27.504000,-16.818000
3.518000,-26.814000,-30.897000
-38.007000,-7.140000
-18.821000,-18.821000
33.386000,33.386000,-1.219000,-45.974000
41.122000,19.034000,49.989000
-36.992000,-39.642000,14.998000
-38.480000,-38.480000
-19.377000,-16.138000
46.407000,46.407000
23.816000,20.553000
33.346000,-30.353000
32.080000,42.176000,-0.111000,-0.111000,12.896000
-29.690000,29.646000,29.646000
17.829000,1.227000,-10.084000,-32.218000
44.383000,44.383000,14.935000
-10.466000,-10.466000,-10.466000,16.347000
-30.920000,-11.707000,-22.588000,-24.108000
-39.727000,-18.093000
23.367000,32.104000,32.104000
39.319000,-41.522000,-41.522000,14.667000,12.113000
-17.098000,-18.895000,-18.895000
0.185000,16.447000,-5.880000
37.320000,37.320000,37.320000,37.320000,-41.215000
11.708000,11.708000
-10.416000,-10.416000,-10.416000
13.907000,13.907000,-37.458000,-33.072000
29.473000,-5.308000,48.216000,24.073000
-44.481000,-3.036000,-3.036000
-10.179000,-21.601000,32.814000
17.010000,49.493000,20.458000,-31.890000,-31.890000
7.833000,-28.615000,-1.856000,-5.069000,-22.524000
-43.996000,10.710000,-19.647000,-19.647000,-19.647000
-41.276000,-41.276000,-21.990000,6.668000,-43.659000
40.903000,-39.691000,32.283000,38.229000
8.564000,14.519000,31.780000
-39.073000,-5.768000,-4.874000,6.681000,6.681000
5.512000,11.289000,37.522000,37.522000
-35.354000,-35.354000,-25.045000
-15.574000,-15.235000
43.939000,43.939000,48.863000,48.863000,-40.211000
-3.716000,-3.716000,20.840000,-22.670000
35.873000,15.407000,-4.295000,-15.081000,-16.108000
35.305000,35.305000,-29.319000,25.499000,-45.737000
-36.518000,-36.518000,-36.518000,10.733000
46.951000,46.951000
-22.687000,-32.678000,26.993000
-29.589000,-13.073000
33.048000,33.048000,18.353000
13.875000,13.875000,-10.626000,20.703000,-32.867000
-20.515000,-43.454000
-12.646000,-12.646000,-12.646000,-33.166000,27.852000
35.104000,35.104000,-27.969000
49.572000,49.572000,49.572000,-5.904000
6.958000,49.228000
31.238000,27.742000,12.115000
-16.404000,5.498000,-30.982000
-1.546000,48.015000,-43.503000
8.804000,-0.133000
-28.624000,-23.701000,-44.299000,-44.299000
-45.072000,7.244000
-28.393000,-28.393000,-28.393000,-32.111000
45.249000,2.655000,47.962000,47.962000,-9.758000
-40.296000,-40.296000,9.571000,-19.554000
33.718000,33.718000
16.974000,16.974000,-39.161000,3.603000
-36.541000,22.197000,36.912000
30.856000,32.858000,32.858000,46.286000,44.155000
-31.896000,15.560000,15.560000
20.976000,-20.414000,-20.414000,-48.492000,-48.492000
-19.327000,19.499000,-44.986000,25.478000
-40.860000,-18.509000,-18.509000,-4.897000
4.209000,44.273000,44.273000,9.833000,26.152000
-42.925000,-37.099000
-42.755000,20.342000,12.775000,32.048000,31.534000
9.713000,9.713000,41.204000
-0.992000,20.955000
25.565000,25.529000
-24.940000,44.199000,-19.563000,-19.563000
13.725000,29.805000,-4.902000,23.905000
-39.632000,34.670000,34.670000
48.527000,-21.216000,47.591000
0.751000,0.751000
-23.721000,-23.721000
-0.359000,-0.359000
30.078000,30.078000
