853.570000,50.820000
-372.360000,173.080000,-949.620000,469.530000,-597.540000,-334.890000,-755.230000
-573.440000,-160.320000
743.960000,262.040000
-158.840000,-557.220000
630.010000,-994.600000,219.720000,-747.220000,-926.270000,-102.660000
233.800000,737.350000,737.350000
982.120000,982.120000,982.120000,-403.360000
-622.350000,-622.350000,-438.240000,975.690000,-458.400000,-458.400000
-453.000000,-479.410000
-460.720000,253.750000
810.710000,-923.770000,-465.650000,-465.650000
-483.540000,-483.540000,150.150000,-827.610000,-951.240000
-910.450000,153.000000,151.560000,-605.060000
45.180000,-121.420000,-121.420000,-121.420000
-573.120000,-573.120000,-496.900000
463.660000,306.800000,306.800000,736.290000
-460.990000,-460.990000,-412.230000,-252.400000,-761.010000,-761.010000
-2.330000,-952.170000,152.130000,627.290000,58.720000
-379.390000,-379.390000,370.690000,35.470000,431.800000,-586.230000,784.780000
220.100000,408.420000,408.420000,647.400000,647.400000,647.400000,-954.040000
-312.100000,-106.250000,-820.890000,-820.890000,-200.290000,-200.290000
-829.600000,962.070000,-176.050000,261.650000
-7.400000,-7.400000
365.140000,-426.210000,-360.100000,-145.070000,-570.890000,972.860000
716.020000,806.300000
-342.620000,608.960000,608.960000,1.110000,624.280000
-246.150000,211.060000
-530.000000,-530.000000,462.490000,-953.030000,-225.910000
387.330000,724.160000,-169.610000,648.220000,108.650000
242.680000,889.550000,718.710000,643.360000,-810.580000,-245.180000
-0.720000,47.440000,-37.080000,-435.860000,-435.860000,-435.860000
-59.800000,-59.800000,770.580000,-40.140000
-730.750000,649.930000
154.990000,154.990000,-409.440000,-750.690000,841.640000
-284.170000,576.100000,576.100000,-460.990000,866.800000,-146.080000
216.200000,129.890000
734.950000,394.030000,355.180000,-8.960000,-287.050000
100.710000,945.890000,945.890000,945.890000,-403.500000,-473.890000
-989.490000,217.400000,217.400000
-928.680000,-928.680000
-354.330000,544.100000,-84.820000,-615.180000
982.070000,-219.490000,72.430000
-279.680000,761.890000,968.330000,295.100000
-281.860000,559.550000,559.550000,-99.330000,-121.570000,-347.480000,-347.480000
33.130000,940.200000,-110.610000,-110.610000,669.890000,866.220000
337.580000,312.990000,312.990000
671.370000,347.280000,-474.490000,-674.960000,-674.960000
-668.120000,265.470000,-709.320000,-982.470000
-792.250000,799.100000,-770.750000
-252.730000,20.080000,-20.010000,-990.340000
-995.570000,180.110000,755.080000,-281.040000
894.410000,-949.710000,-964.770000,427.430000,250.680000,250.680000,49.770000
717.460000,-487.570000,-487.570000,-402.730000
871.880000,-374.280000,-374.280000
805.820000,591.570000
-10.830000,787.150000,105.320000,-924.780000,-625.540000
-303.050000,616.170000,616.170000,616.170000,-734.540000,146.530000
-115.520000,-115.520000,-115.520000,-434.870000,327.890000,822.650000,-736.300000
974.480000,-148.190000,-2.130000,-473.940000,54.990000
381.940000,-30.280000,-995.230000,443.940000,39.430000,90.710000,819.810000
-732.000000,-973.210000,-932.860000,-97.550000
-658.680000,-658.680000,339.180000,647.450000
736.250000,-906.560000,840.160000,-587.840000
-305.900000,-885.250000,-345.850000,-157.680000,98.300000
-663.230000,-942.850000,-908.620000,-31.450000
220.140000,-473.110000,19.220000,738.030000,-329.480000,-637.200000
-346.510000,-353.880000,-920.590000
598.540000,610.240000
-88.260000,-88.260000,-88.260000,-425.760000,-425.760000,542.780000,542.780000
850.500000,155.340000,-387.220000,982.350000
-528.470000,-634.030000,402.040000,893.250000,-687.660000,-596.830000
-811.370000,869.580000,-716.230000
-948.440000,986.580000,986.580000
837.070000,-205.530000
-163.240000,-163.240000,-879.950000,34.260000
284.370000,498.090000
917.730000,917.730000,-679.100000
-141.960000,-141.960000,-141.960000,919.560000,-16.000000,-967.060000,-89.920000
82.300000,82.300000,919.050000,265.890000,551.720000,-474.890000
-263.570000,-986.300000,833.600000,-24.950000,541.140000,169.150000
-469.620000,457.570000,457.570000,-684.120000,118.460000,-584.060000
317.220000,317.220000
356.310000,261.250000,261.250000,997.670000,997.670000,-348.180000
-107.100000,-107.100000,-565.970000,-526.070000
-231.930000,-231.930000,-430.620000,-318.960000,-943.650000,696.710000
396.410000,-287.310000,-134.970000,-134.970000,61.130000,61.130000
270.920000,-723.110000,-749.720000,-749.720000
-512.040000,505.440000,745.030000,745.030000
-317.090000,106.180000,-369.170000,-509.170000,-692.110000,-220.050000
177.450000,-765.960000,952.760000
772.460000,668.760000,811.320000,-489.300000
772.020000,772.020000,772.020000
592.120000,-805.770000,34.090000,501.170000,-147.720000,-147.720000,632.220000
905.860000,216.000000,-0.960000
-172.640000,-610.300000,40.000000
360.790000,-571.700000,-481.180000
-280.370000,-734.870000,847.740000,-80.910000
942.450000,-898.930000,710.110000,-379.060000,61.830000
647.050000,647.050000,-963.260000
888.640000,-899.930000,121.310000,314.350000,947.190000
457.330000,975.730000
-715.820000,-510.060000,449.430000
-277.580000,-314.470000
-481.830000,295.560000,154.140000
146.630000,-974.690000,838.300000,-525.750000,-661.180000,280.630000,280.630000
256.350000,-929.290000,-166.430000,-945.860000,805.440000,583.690000,-971.350000
-250.500000,43.310000,582.620000
-892.900000,924.380000,303.550000,592.530000,592.530000
388.670000,613.980000,613.980000,613.980000
-434.120000,-727.170000,-529.320000,-529.320000,924.620000
-63.100000,-752.050000,-752.050000,830.570000
-137.000000,990.660000,963.410000,709.230000,709.230000
97.900000,39.270000,-217.880000,396.070000
530.790000,918.030000,907.820000,907.820000,-155.280000,373.980000
272.670000,-108.790000,864.410000,-747.630000
949.520000,949.520000,374.810000,-283.890000,889.680000,672.030000,-54.420000
-854.160000,-483.100000,-293.750000,-293.750000
223.010000,723.300000,-778.550000,-368.670000,496.350000,913.660000
-154.710000,-179.330000,-179.330000,234.740000,234.740000,234.740000
80.180000,-890.420000,453.370000,279.670000,-730.600000,382.620000,901.340000
507.740000,-490.380000,-490.380000,393.310000,458.040000,-62.890000
-856.650000,513.440000,513.440000
-579.800000,317.010000,-756.020000,156.240000
-70.020000,701.690000,-288.070000,-288.070000
-780.330000,-299.510000
-868.970000,320.500000,320.500000,-742.400000,-742.400000,340.660000
-586.500000,801.400000
384.900000,675.440000,487.410000,85.240000,-99.230000,624.970000,588.710000
-377.370000,657.880000,-617.020000,-657.290000,235.960000
191.070000,591.670000,591.670000
393.070000,-970.590000,-970.590000,-815.330000,910.540000,-875.310000,-332.260000
315.080000,594.280000,594.280000,252.150000,-71.390000,34.050000
466.470000,-164.980000,-163.810000,-312.420000,475.600000,953.490000
-98.350000,-902.410000,289.830000,-160.710000
-776.040000,-366.250000,641.360000,641.360000,-430.030000
887.040000,582.860000,48.940000,48.940000,48.940000,-686.490000,-35.890000
-849.530000,932.130000
248.740000,-394.570000,-57.030000,-57.030000,-961.300000
-456.780000,-456.780000,396.210000,-719.070000,-536.070000,-536.070000
512.860000,-617.480000,803.210000
965.470000,-270.030000,-234.190000,-634.640000,-349.000000
812.450000,-95.460000,-95.460000,447.760000,-260.930000
781.200000,-872.790000,-116.240000,757.990000,-75.480000
-823.330000,-275.180000,-766.020000,-766.020000
-720.450000,-354.360000,-270.250000,226.450000,226.450000
800.980000,840.390000,926.010000,926.010000,-946.780000
-556.220000,624.690000,519.740000
-6.090000,108.850000,257.730000,780.410000,157.060000,-532.180000,-532.180000
694.260000,193.330000,-396.870000
-964.730000,-344.700000
-417.650000,-960.930000,-853.310000
-302.700000,850.220000,850.220000
854.470000,-410.160000,-410.160000,746.900000,-16.140000
-54.970000,154.790000,-826.650000,-826.650000,-791.390000,827.350000
-130.600000,842.970000,-503.970000
-255.750000,-450.520000,-333.690000
444.050000,-961.180000,-961.180000,-900.270000
-363.260000,622.040000,622.040000
795.380000,-644.850000,836.480000,807.890000
-468.160000,-468.160000,27.870000,497.060000,-100.400000,-100.400000
303.540000,977.060000,366.470000
442.070000,616.820000,932.440000
669.910000,669.910000,-974.940000,-974.940000,-792.440000
500.100000,190.530000,767.260000
749.970000,749.970000,712.320000,743.770000,-480.170000
-514.840000,-471.820000,116.740000,-272.010000,-315.100000,482.830000
-812.410000,-82.490000,-82.490000
656.900000,-969.930000,-541.550000,-541.550000,-101.320000
788.790000,-388.960000,728.550000,808.530000,891.760000,271.720000,450.330000
75.530000,-333.430000,210.220000,210.220000
-12.630000,908.190000,-334.880000,-202.540000
265.310000,699.930000,699.930000
-991.460000,-991.460000,-991.460000,-991.460000,-991.460000
-257.670000,-491.470000,121.340000,121.340000,787.910000
-663.980000,837.560000,-387.050000,-387.050000,278.070000
138.270000,377.670000,-110.880000
-671.090000,-78.300000,-285.280000,-785.260000,979.430000,649.690000,-692.680000
-111.330000,111.500000,-7.960000,-126.420000
-224.320000,-149.860000,-149.860000,-772.190000,-770.050000,670.910000
-565.090000,-565.090000,-565.090000,-788.410000,229.030000,-50.960000,242.160000
218.450000,-163.980000,388.680000,-647.330000
-953.440000,-23.420000,-23.420000,-23.420000,302.500000,-282.410000,202.680000
-29.740000,-597.900000
-655.650000,-655.650000,293.390000,293.390000,17.910000,755.490000
-341.560000,124.810000,270.610000,515.410000,131.870000,451.560000
435.620000,407.760000
321.640000,683.290000,683.290000,-972.360000,676.550000
315.760000,-661.070000,-209.110000,153.550000,153.550000
-835.350000,-510.970000,-510.970000,620.890000,-95.620000,-523.800000
463.010000,-604.830000
-202.220000,400.870000
473.750000,-853.570000,-887.190000,284.610000,-321.800000,-161.270000,-161.270000
-955.630000,-717.150000,-894.240000
-598.430000,799.630000,624.000000,870.260000,711.890000
-134.120000,462.900000,462.900000
-747.600000,169.060000,-40.220000,-40.220000,-40.220000
843.100000,842.870000,-139.200000,-566.280000,741.620000,983.850000,-781.290000
86.960000,86.960000,76.120000
147.140000,-507.110000,-507.110000,-451.020000,-671.590000,-152.840000
307.260000,-118.490000,18.220000,18.220000,451.930000
-768.220000,910.380000,-734.660000,-464.560000,-464.560000,611.560000
-434.690000,-8.470000,-58.030000,396.070000
49.250000,573.940000,-66.520000,506.630000,506.630000,996.790000,-875.730000
450.250000,677.050000,677.050000
-787.520000,-787.520000,824.030000,-173.530000
154.800000,-83.430000,-381.310000,744.550000,760.880000,795.380000,607.670000
-585.940000,-585.940000,-461.670000,-461.670000,-427.030000,-683.490000,722.540000
677.100000,-855.580000,521.160000,726.180000,994.510000,-375.340000
206.760000,840.100000
-398.150000,-250.800000,52.220000,52.220000
-114.760000,-872.810000,-182.690000,-882.170000
220.220000,220.220000
723.770000,-757.920000,623.280000
794.810000,975.640000
-366.530000,-366.530000
235.320000,-247.100000
-684.280000,805.430000,153.560000,153.560000,153.560000
475.730000,475.730000,-304.060000,712.180000,-435.980000,-435.980000,-435.980000
-809.160000,-809.160000,-833.520000,68.710000,68.710000,-695.980000,422.610000
561.430000,-639.350000,228.930000,-641.390000,768.970000
969.100000,451.130000,451.130000,-984.850000,-984.850000,-797.550000
-581.280000,992.840000
706.380000,706.380000,706.380000,220.770000,-434.390000,252.430000,544.560000
219.490000,219.490000,219.490000,975.830000,975.830000
426.960000,-662.030000,-32.960000,644.550000,510.950000
-213.760000,988.600000,-649.880000,-649.880000,-649.880000,-435.410000,-220.410000
-691.200000,-289.670000,-57.910000,-57.910000,-407.670000,614.740000,614.740000
56.840000,-417.660000,684.270000,-16.400000,-311.040000
231.800000,-28.810000,-433.760000,978.090000,26.610000,-393.230000,-393.230000
548.860000,-313.380000,-412.150000,-934.980000,358.180000,-339.710000,-359.840000
43.160000,442.520000,-657.540000
-13.460000,47.830000,534.400000,548.920000
0.420000,-679.890000,-278.450000,-309.550000,308.060000
387.350000,711.340000,-274.200000,-198.810000,-198.810000,-756.300000
804.610000,-229.150000,773.110000,-104.690000,-157.930000
167.170000,36.690000
-150.540000,-593.120000,351.460000,546.190000
-126.320000,-126.320000,225.170000,-487.540000,-361.300000
-508.070000,67.620000,67.620000
-639.230000,303.830000,464.730000,330.740000,-812.560000
-455.200000,-660.960000,-660.960000,-660.960000,-660.960000,-660.960000,479.050000
855.480000,855.480000,-457.200000,466.670000,876.720000,-112.420000,-104.950000
-682.370000,100.450000,428.620000
-23.940000,-23.940000,570.370000,570.370000,327.010000
956.850000,956.850000,-385.700000,-385.700000,784.200000
698.900000,390.320000,785.130000,-410.580000,913.610000,-221.960000
695.660000,-384.110000
815.460000,-757.930000,-757.930000,569.070000,569.070000
526.390000,376.580000,-905.370000
694.770000,694.770000,85.090000,-803.250000
958.550000,276.580000,654.950000,-438.750000,-438.750000
232.950000,232.950000,232.950000,440.350000,44.090000,236.750000,945.180000
909.650000,774.090000,774.090000,774.090000,-310.510000,-617.550000,161.020000
329.030000,-85.700000,-85.700000
-224.100000,820.800000,-804.810000,893.290000,-660.100000
906.400000,-124.830000,-179.990000,-706.200000,-251.700000
113.900000,113.900000,166.360000,-878.710000,138.400000,-884.970000,-884.970000
-358.820000,-735.580000,-157.160000,506.010000,87.700000,-906.910000,-906.910000
-86.910000,-774.080000
626.130000,-548.600000,567.350000,567.350000,688.630000
827.080000,-771.850000,-464.310000,100.340000,705.690000
-42.190000,125.910000,-375.900000,-991.640000
-867.910000,-217.870000,-487.700000,920.980000,54.880000,-222.130000,651.850000
467.710000,467.710000,-996.610000,258.590000
-544.990000,761.300000,761.300000,806.800000
546.660000,546.660000,678.740000,629.140000
213.610000,69.290000,-828.450000,-919.340000
-740.140000,-617.240000,-156.170000,-110.830000
189.640000,304.170000,10.870000,10.870000
301.660000,-427.130000,-142.780000,777.800000,-512.200000,74.830000,74.830000
682.840000,682.840000
942.690000,-636.190000,400.650000,-28.290000
939.580000,-192.770000,326.750000,648.240000,617.540000
-222.940000,495.290000,-519.710000
449.310000,773.670000,237.940000,237.940000
180.630000,-139.820000,602.370000
-765.130000,549.700000,912.640000
877.490000,-911.560000,969.220000,282.940000,804.830000
-75.740000,-75.740000,-520.630000,802.410000,802.410000
-701.220000,408.180000,-838.910000,-230.940000,-884.040000
-53.290000,-241.040000,-619.720000,330.070000,156.930000,-206.530000,-549.210000
-250.340000,-250.340000,-688.780000
914.380000,839.060000,-74.140000
-26.600000,-26.600000,-26.600000,-947.650000,-683.940000,-155.240000
-538.790000,-538.790000,-189.300000,83.320000,83.320000,83.320000
321.880000,271.980000
-128.310000,433.340000,-348.690000
315.220000,315.220000,251.610000,-411.600000,502.150000
384.880000,-955.300000,-955.300000,-484.980000
-111.880000,-111.880000,-301.060000,582.830000,-595.590000,-868.890000,-464.880000
867.970000,835.680000
999.800000,-66.390000,-608.770000,492.640000,492.640000
537.340000,537.340000,-947.650000,709.820000,709.820000,-591.250000
-877.260000,-877.260000,224.510000,224.510000,759.620000
-727.850000,-844.590000,-844.590000
242.690000,128.350000
158.770000,410.030000,410.030000,32.210000,-789.330000,-527.080000
851.090000,-355.550000,-355.550000,831.960000,-650.910000,-42.050000
-491.720000,-175.780000,-961.520000,20.700000,700.820000
787.810000,-879.130000,-879.130000,-116.020000,454.230000,-981.870000,-761.430000
279.130000,-505.470000
137.480000,435.400000,435.400000
-66.290000,536.620000,-302.590000
-860.990000,-263.230000,-263.230000,-142.370000
652.120000,652.120000
106.340000,-952.140000,337.070000,690.780000,204.950000
262.940000,262.940000,262.940000,174.550000
699.730000,509.500000,268.470000
-204.640000,575.310000,-137.140000,956.550000,477.980000
702.970000,474.530000,-763.750000
165.500000,333.520000
376.810000,497.650000,474.440000,262.520000
594.510000,-367.570000,-463.790000,-305.700000,655.990000,-996.460000,713.710000
-340.210000,-253.460000,-646.470000,-646.470000,687.040000
714.050000,838.100000,-901.400000,527.910000,-370.020000
714.960000,-404.900000,-404.900000,-404.900000,-404.900000,-635.040000
-287.350000,704.200000,266.900000,-731.530000,-731.530000,-394.290000
-296.800000,931.630000,-414.860000
576.760000,112.760000,-828.060000
226.570000,-249.590000,-238.800000,305.650000,41.730000
-536.910000,-348.790000,-317.370000,276.560000
579.090000,579.090000,579.090000
-478.960000,540.930000,-693.740000,-695.470000,481.390000,245.220000,-528.220000
-439.120000,-439.120000,602.610000,228.390000
812.930000,-300.600000,418.740000,418.740000,418.740000
595.800000,919.530000,919.530000,-982.680000,368.940000,-426.550000
852.920000,852.920000,-675.310000
642.990000,-409.620000,263.830000,263.830000,76.760000
961.750000,379.680000,379.680000,-221.840000,999.290000,334.280000,-285.000000
-916.510000,-997.010000,-110.250000,-110.250000,214.440000,214.440000,214.440000
-762.900000,-419.630000,-833.150000
-983.210000,-181.560000,-921.940000,-921.940000,623.330000
-127.700000,-642.770000,-642.770000
-559.290000,-609.860000,513.860000,390.440000
858.510000,-955.170000,953.840000
-848.550000,-717.680000
-750.730000,564.690000,-255.860000
950.660000,-388.400000,-255.970000,295.410000
-177.000000,-177.000000,-663.150000,-663.150000
65.140000,65.140000,109.960000,109.960000
735.150000,73.540000,-828.890000,118.220000,118.220000
862.350000,600.780000,-913.300000,-6.820000,804.440000,108.570000,-262.830000
387.300000,-489.440000,685.890000,685.890000,-361.240000,-2.560000
373.120000,35.100000,-95.650000,-646.320000
-714.000000,-533.870000,596.010000,-400.520000
860.270000,-488.910000,476.750000,816.240000,-116.170000
614.440000,-207.600000,234.870000,780.420000,-343.150000
-44.820000,64.200000
613.350000,-963.790000,-717.970000,-16.720000,-274.870000
447.970000,-307.700000,-178.260000,-299.050000
98.710000,48.040000,658.860000,-396.470000,513.220000
326.230000,-200.110000
-892.260000,-851.070000,471.770000,-467.950000,-373.440000,-373.440000,318.860000
220.490000,945.170000,945.170000,945.170000,-295.300000,97.370000
-69.220000,46.370000,-260.710000
289.370000,289.370000,289.370000,827.790000,597.230000,-346.670000,-346.670000
-366.650000,-94.610000,-94.610000,800.370000,800.370000,794.050000
774.710000,-641.410000,52.080000
-645.780000,-489.060000,-489.060000,-810.200000,-810.200000
-982.410000,-982.410000,-22.430000,-652.280000,117.480000
469.500000,953.940000,-182.240000,63.910000,-201.350000,-562.420000
-762.730000,-539.280000,-539.280000,-561.280000,-90.030000,566.140000,979.050000
905.120000,-532.540000,580.660000,938.710000
-38.020000,393.450000,393.450000
472.440000,457.660000,457.660000,694.930000
351.770000,-160.590000,-160.590000
749.370000,749.370000,749.370000,917.770000,917.770000
-619.060000,51.250000,51.250000,-10.040000,-793.170000,930.730000,-529.010000
-22.700000,-22.700000,868.350000,868.350000,220.110000,-728.190000,180.800000
-50.700000,-301.900000,-400.210000,248.000000,-668.630000,-918.530000,746.870000
519.840000,519.840000,990.820000,458.340000,458.340000,326.680000
826.340000,-359.670000,557.370000,557.370000,-493.330000,-182.590000
251.330000,-378.270000,-571.100000,-571.100000,750.220000
-542.320000,255.770000,260.880000,-602.960000,-269.550000,-269.550000,-443.220000
363.680000,827.870000,-225.760000,836.340000,836.340000,836.340000,689.170000
175.580000,-838.720000,868.290000,868.290000,868.290000,-4.780000,-600.770000
138.380000,-937.810000,-697.090000,132.590000,132.590000
-39.540000,-951.880000,-312.290000,-312.290000,775.370000,333.210000
447.000000,-704.100000,233.940000,-546.370000,-160.120000,560.890000
-567.600000,-567.600000,-264.690000,972.940000,515.930000
253.270000,-771.630000,-771.630000,231.600000,231.600000,-435.190000,979.720000
-36.820000,293.220000,748.620000
901.590000,83.260000
33.860000,-279.810000,-279.810000,-306.880000,-535.700000,-535.700000
-971.660000,-971.660000,232.130000,81.650000
651.280000,651.280000,651.280000,651.280000,39.560000,773.810000,-473.870000
389.640000,389.640000,-576.500000,-724.590000,264.080000,-636.280000,-636.280000
788.040000,788.040000
153.350000,536.380000,-246.320000,983.910000,-101.800000
537.810000,537.810000,-674.020000
-854.790000,-854.790000,700.430000,-646.820000,-646.820000,617.250000
-304.530000,539.400000,102.320000,102.320000
-908.850000,871.840000,-286.690000,-286.690000
611.510000,-119.130000
21.570000,941.550000
-77.540000,-77.540000,61.560000,-156.960000,949.450000,949.450000
295.060000,-427.700000,316.090000,-511.480000,-919.020000,555.070000,555.070000
166.570000,557.280000,510.050000,-378.420000,686.580000
544.010000,-67.210000,-858.550000
-825.550000,-822.710000,-197.470000,-182.670000,63.190000,63.190000,-603.480000
29.370000,-619.290000,-369.800000,27.900000
682.300000,682.300000,-717.110000,829.020000,635.760000,635.760000,810.200000
-724.810000,3.230000,-871.240000,913.030000
107.540000,1.970000,382.470000,654.760000,-556.600000
406.980000,-612.640000,-591.420000,-591.420000,624.250000,-712.650000
82.030000,997.330000,491.280000,-477.790000
-239.790000,-386.290000
312.010000,-547.780000,-594.630000,138.070000,871.850000,475.370000,672.340000
-323.420000,-616.740000,18.730000,451.970000,858.730000
863.230000,-550.580000
-309.030000,693.180000
813.730000,-302.340000,-389.730000
307.110000,99.480000,-158.190000,893.910000,-931.600000,-517.690000,742.440000
-896.820000,-896.820000,966.410000,966.410000,-410.160000
-609.950000,-323.960000,-571.600000,-577.130000,209.410000,209.410000
-691.110000,-637.410000,-593.650000,-593.650000
-316.490000,-763.770000,-702.450000
-972.900000,-694.190000,-498.010000,-317.740000,178.650000
95.810000,95.810000,518.670000
941.400000,-833.510000,761.070000,330.990000,-589.960000
-149.090000,-283.680000
70.860000,303.950000,361.520000,-252.090000,995.400000,995.400000,353.690000
42.840000,-745.590000,-745.590000,503.040000
-722.640000,-615.910000,-615.910000,-205.870000,-717.570000,-195.240000
-361.700000,-361.700000
-115.780000,-823.650000,-823.650000,-828.250000,-85.080000,-992.190000
611.110000,646.300000,646.300000,646.300000
915.540000,885.410000,-539.120000,612.320000,-753.030000
-697.430000,-722.460000,769.470000,342.130000,-21.360000
-326.350000,-326.350000,-318.550000,-318.550000
-56.330000,-711.420000,-1.080000,738.270000,727.990000,563.840000
-57.560000,-57.560000,-57.560000,-303.940000,-589.230000,534.420000
867.100000,266.750000,-593.390000,222.190000,-43.560000,755.510000,-125.240000
449.120000,638.730000,-187.840000
-482.590000,-482.590000
-725.220000,709.420000,410.360000
844.100000,-957.970000,-570.000000,-236.260000,804.940000,692.470000,692.470000
-62.510000,531.560000,458.560000
563.710000,-627.150000,-974.690000,-644.100000,95.630000
-564.750000,-490.330000,-490.330000,-133.190000
895.330000,895.330000,700.270000,-543.010000,-543.010000
394.470000,-39.110000,-39.110000,-39.110000
344.780000,-495.990000,-728.830000,-728.830000,-728.830000,-14.160000
731.310000,-42.960000,568.960000,568.960000
464.280000,-877.200000,-893.430000,-164.400000,974.250000,-503.230000
327.330000,100.090000,131.940000
844.360000,-692.240000
-992.020000,-128.270000,712.160000,833.320000
559.800000,-9.620000
-537.860000,-737.620000,-367.170000,-350.080000,991.930000,991.930000
92.010000,-110.540000,-110.540000,911.610000
-464.810000,-464.810000,406.910000,-606.980000,-606.980000,929.020000
314.850000,-149.180000
-983.680000,74.720000,349.810000,349.810000,349.810000
701.860000,-566.260000,-574.290000,-352.950000,977.450000
-743.110000,-410.860000,51.330000
-541.910000,365.780000,365.780000,365.780000,549.910000
329.780000,-434.830000,-650.750000,-978.690000,880.140000,303.380000,-493.240000
-356.850000,132.660000,142.510000,142.510000,-806.160000
798.950000,285.110000,73.900000,121.790000,-168.530000,-168.530000
511.050000,898.990000
-853.240000,-853.240000,-853.240000,-915.020000,400.560000,-21.660000,628.160000
-745.010000,-685.310000,-232.040000,459.430000,-437.240000,461.630000
792.590000,107.780000,303.680000,-164.010000,-214.100000
-99.440000,317.510000
598.980000,-165.680000,-583.300000,-803.850000
263.630000,-779.760000,303.940000,684.170000,-664.330000,973.590000
-219.610000,-549.790000,-549.790000,236.100000,628.250000
757.240000,757.240000,757.240000,-236.320000,-530.220000,-530.220000,201.160000
-906.680000,839.660000
-795.610000,-837.190000,0.570000,983.500000,983.500000
-566.290000,-858.650000,-858.650000,-858.650000,-858.650000
594.290000,594.290000,647.370000,-584.220000
-684.380000,318.310000,638.300000,271.880000,-55.920000,198.360000,796.270000
467.620000,-251.600000,-251.600000
-110.260000,-188.420000,347.890000,-641.710000,-946.770000
246.360000,136.540000,488.680000
-570.360000,840.630000,172.450000,-336.460000
-567.410000,-567.410000
-990.200000,-974.480000,636.420000
795.900000,-55.480000,-345.970000,-345.970000,474.940000,-574.640000,812.800000
180.230000,-857.590000,707.620000,657.170000
971.440000,-630.560000,-900.450000
-878.850000,-247.470000,-247.470000
48.270000,81.510000,81.510000,336.490000,458.850000
788.700000,675.880000,514.070000,514.070000,514.070000,133.140000,133.140000
104.570000,104.570000
200.200000,200.200000
321.340000,830.900000,799.840000,701.410000,-418.540000,-782.160000,-782.160000
979.680000,-130.730000,-130.730000,-616.660000,-493.930000,-493.930000,-846.990000
711.530000,711.530000,-88.280000,-88.280000,-766.940000
-930.620000,-554.170000,-26.430000,530.000000,545.000000,-290.010000,-163.930000
180.210000,962.600000,858.440000,260.990000,-234.550000,901.130000,901.130000
627.030000,-882.710000,-766.580000,-281.170000,-636.990000,-288.040000,591.000000
-814.640000,-163.300000
-704.130000,727.210000,-952.500000,-789.110000,-939.740000,960.060000
67.630000,67.630000,184.910000,184.910000
-425.650000,565.220000,-375.090000
-587.270000,-722.190000,331.560000,-637.310000,-637.310000
-910.110000,351.070000
-211.790000,444.950000,444.950000,430.750000,-42.870000,-42.870000,-182.780000
-201.510000,529.070000
-978.960000,-978.960000,-763.060000,-253.350000,198.560000,195.910000
199.220000,199.220000
-416.080000,263.190000,-466.950000,459.610000,590.370000,796.420000
4.040000,803.710000,-669.250000,-669.250000
-520.680000,-576.600000,630.170000,630.170000,-173.920000,534.510000
977.270000,160.740000,-852.720000,-852.720000,-852.720000,-852.720000,464.060000
62.470000,62.470000,62.470000
675.340000,988.110000
-476.450000,561.750000,693.380000,-431.100000,-982.010000
563.170000,-329.770000
778.020000,778.020000,778.020000,784.370000,-262.150000
-917.200000,-917.200000
733.900000,-204.610000,-204.610000,-704.530000
913.190000,913.190000,606.560000,957.480000,957.480000,-349.550000
684.390000,-120.020000,231.350000,-65.800000,-855.430000,-855.430000,-772.640000
384.170000,384.170000,-820.440000,-820.440000,-524.980000
-711.000000,709.580000
381.350000,381.350000,-551.550000,-270.840000
638.170000,638.170000,638.170000,-682.030000,885.220000,-798.530000,-310.110000
533.500000,-396.140000
-469.520000,-811.930000,268.650000,-438.950000,901.630000
-305.020000,-454.400000
-517.100000,33.270000,53.270000,-392.450000
813.770000,87.820000,-517.160000,154.790000,-665.640000
-933.650000,-463.260000,42.710000,-500.800000
325.890000,294.400000,294.400000,777.290000,651.570000,651.570000,2.800000
-953.000000,271.970000
320.210000,320.210000,320.210000,-158.510000,-839.740000,-387.110000,-757.160000
794.770000,-400.090000,936.210000,936.210000,-445.490000,-445.490000
-793.920000,-844.120000,989.960000,-974.560000
337.680000,16.710000,820.630000,820.630000
980.890000,797.130000,8.880000,-527.360000,-527.360000
593.280000,593.280000,593.280000,-758.370000,-758.370000,-758.370000,145.520000
656.580000,991.530000,991.530000,329.200000,414.090000,-151.720000,607.230000
-961.680000,507.030000,-142.930000
-201.890000,572.940000,-143.390000,-273.150000,791.110000,620.640000
-168.870000,571.290000,153.480000,540.780000,323.460000
839.850000,218.210000,218.210000
-274.770000,192.100000,723.460000
-722.170000,-41.610000,-64.480000
-772.730000,54.140000,54.140000,810.230000
454.320000,-721.210000,531.270000,531.270000,371.120000,-397.660000
-132.040000,-825.360000,-967.540000,-967.540000,-689.720000
120.210000,42.290000,-26.300000,607.840000,-906.460000
-840.960000,-618.220000,-457.060000,-457.060000
927.080000,-427.010000,-466.560000,856.990000,500.990000,500.990000
662.810000,-287.080000,-53.850000
336.730000,336.730000,-55.430000
1.080000,-140.390000,-255.590000,91.870000
337.490000,941.600000,941.600000,-524.970000
405.340000,-147.610000,789.250000,494.480000
298.210000,-742.640000,-639.530000
579.490000,-834.020000,-834.020000
-285.100000,218.070000,218.070000
-444.450000,285.560000,-625.950000,-625.950000,-625.950000,-625.950000
-330.190000,-267.080000
-431.370000,-516.800000,492.420000,369.720000
-302.390000,-176.710000,-648.610000,326.240000,344.940000,-875.000000
955.750000,-455.310000,-455.310000
-675.930000,78.240000,392.910000,966.840000,-253.570000,-879.600000,-879.600000
-222.290000,-223.450000,-223.450000,127.930000,-471.890000
-515.890000,-177.630000,154.050000,199.430000,821.810000,530.380000,-78.300000
163.260000,551.260000,551.260000,551.260000,551.260000,551.260000
-550.640000,-13.040000,538.240000,189.520000,-187.750000,-187.750000
634.610000,-581.310000,527.800000
-130.220000,-180.550000,-180.550000,-180.550000,-180.550000,-138.490000
-157.250000,-34.350000
-63.460000,-46.660000,-46.660000,-508.420000
-345.130000,-149.400000,822.560000,-343.140000,533.180000,530.310000,235.930000
-827.240000,-907.520000,-929.590000,948.570000,-647.890000,733.060000
518.870000,518.870000
-989.560000,-989.560000,-989.560000,-454.500000,-609.090000,-127.330000
-436.130000,-837.540000,-706.760000,139.580000,-395.310000
572.540000,572.540000,-630.930000,-240.500000,-889.630000
758.670000,-711.200000,230.140000,999.060000,248.060000
-681.390000,-681.390000,-681.390000,-957.340000,669.140000
700.010000,159.540000,159.540000,150.690000
112.880000,-101.140000,604.310000,-26.330000,466.020000,-822.740000
-573.720000,-573.720000,456.020000,456.020000,49.640000,494.070000,494.070000
-951.070000,-841.870000,255.480000,-640.840000,-985.200000,-985.200000
229.800000,470.910000,-595.480000
-369.320000,260.080000,-795.020000,-487.030000,-717.290000,464.490000
172.670000,825.700000
-390.530000,738.210000,393.310000,526.200000,426.730000
-296.200000,-40.550000,834.550000,834.550000
94.620000,895.070000,895.070000
-958.160000,-277.360000
985.380000,985.380000
811.070000,-432.860000
-883.750000,-761.470000,604.720000,-323.990000
-811.280000,320.150000,408.180000,-12.880000,557.330000,-571.300000,-75.980000
439.990000,-377.320000,-611.980000,713.320000
278.970000,278.970000,517.490000,-361.600000,754.850000
191.120000,-680.760000,-263.330000
475.260000,-213.180000
668.160000,281.450000,-55.840000,-55.840000,-720.560000,361.880000
54.960000,822.310000,-841.680000
-272.980000,-344.000000
-648.170000,-648.170000,-160.030000,274.840000,960.590000
-327.350000,-327.350000,954.090000,954.090000,665.880000,-210.600000
-775.800000,-179.370000,-395.540000,23.350000,636.270000,-838.410000
-464.110000,407.730000,-132.800000,691.080000,-255.790000,-543.470000
-682.190000,-180.010000,-180.010000,609.390000,609.390000,-608.460000
-657.730000,479.230000,-498.410000,549.670000,-522.120000
-190.770000,-190.770000,676.420000,152.490000,312.360000,-39.270000
834.010000,-557.630000,-557.630000,-948.240000,-918.280000,-862.990000,439.280000
789.590000,789.590000,339.250000,209.600000,413.260000,-113.780000,663.340000
593.880000,554.900000
-401.920000,906.040000,206.590000,92.200000,-407.770000,-89.370000,-25.230000
-194.210000,258.590000,519.660000
569.840000,563.380000,-977.420000,-505.260000,-505.260000,-950.370000
-199.510000,-922.920000,-922.920000,-412.410000,418.730000,-531.380000
-803.980000,-143.780000,-640.980000
146.830000,146.830000,-283.330000,-853.630000,-165.840000,667.440000
575.500000,575.500000,-624.010000
-301.270000,800.710000,150.050000,-533.870000
548.800000,62.050000,663.940000,-480.190000,299.730000
527.430000,249.170000,-54.540000,-632.420000
-802.250000,-982.290000,240.240000
-209.350000,-997.240000,-997.240000,-531.110000,809.180000
-378.600000,-205.030000,-266.010000,-266.010000
836.790000,453.490000,833.300000,708.200000
795.010000,795.010000,812.720000,525.750000
270.330000,-468.090000,-172.920000
-229.640000,-868.180000,-149.570000,434.210000
-467.490000,421.200000,421.200000,-492.860000,-371.180000,699.840000,-878.720000
-763.460000,511.090000,871.270000
297.590000,-95.150000,852.640000,-569.810000,-608.480000,-321.400000,-321.400000
454.980000,555.150000,555.150000,555.150000,-686.340000
-246.050000,-759.140000,-25.990000,-749.630000,-749.630000
-671.860000,795.350000,335.650000,335.650000,765.830000
165.590000,570.970000,12.260000,-461.370000,-289.210000,621.510000
-437.530000,761.920000,114.740000,645.130000,-524.380000,693.240000,-846.460000
-151.460000,-151.460000,-151.460000,-306.110000,737.160000,-992.600000,290.790000
316.810000,-11.100000,26.020000,313.770000,-645.320000,523.860000,523.860000
999.480000,486.830000
-488.470000,-639.100000,-886.650000,6.940000,-287.580000,-13.370000
-437.420000,-221.370000,-478.450000
590.160000,30.710000
-572.410000,901.960000,252.790000,252.790000,-260.380000
296.910000,774.690000,774.690000,-250.050000,-754.750000,888.680000
-75.810000,-235.490000,-235.490000,286.050000,-394.440000,-549.540000,786.540000
-114.400000,162.440000,-0.710000,-0.710000
-703.810000,975.490000,975.490000,-274.560000,-434.020000,-588.300000,-588.300000
-137.060000,-185.210000,-185.210000
-765.460000,207.350000,467.530000,-405.350000,207.800000,207.800000,-792.920000
340.940000,-286.130000,-590.590000,-958.140000,600.570000,344.120000
341.630000,960.760000
-914.610000,-914.610000,-430.730000,75.950000,-989.630000,-989.630000
218.160000,530.030000,86.830000,928.500000,928.500000,-662.100000
-770.750000,-564.150000,-385.560000,-385.560000,-385.560000
795.000000,795.000000
604.150000,476.140000,423.830000,-368.990000,902.820000
-477.900000,274.400000,274.400000,202.900000,-508.810000,-755.110000,-188.880000
179.320000,-485.030000
-752.950000,-63.240000,914.110000,-369.950000
-291.540000,165.750000
-954.230000,-675.020000,-710.700000
782.410000,343.510000
32.990000,32.990000,844.100000,-826.650000,-215.920000
516.700000,-910.060000,8.150000,300.650000,-916.960000,-291.370000,-291.370000
723.530000,-32.020000
-855.210000,505.020000,23.980000,76.670000,-617.900000,-808.650000
-870.150000,168.440000,434.460000,434.460000,-190.970000
774.930000,-416.710000,-222.030000,-792.910000
40.630000,133.640000,133.640000,133.640000,-185.020000
698.590000,-354.980000,24.320000
174.210000,465.200000,803.290000,-369.860000,-556.070000
504.380000,-111.370000,99.870000,271.210000,315.620000,931.490000
26.760000,303.460000,579.440000,579.440000
-396.240000,-56.090000
710.430000,-224.120000,972.140000,458.600000,-107.430000,265.830000,585.670000
-553.880000,-553.880000,-553.880000
657.640000,877.710000,-978.860000,983.540000,983.540000
-412.710000,316.640000,925.260000,-664.250000,-369.230000
-601.480000,-383.490000,-726.200000
-530.020000,-762.460000,-687.530000,853.760000,-33.800000,51.290000
-758.610000,941.970000,235.720000,-611.450000
917.230000,-899.100000
-551.770000,555.970000,383.730000,383.730000,853.710000
93.690000,-222.450000
903.590000,903.590000,-838.550000,-282.400000,879.860000
231.510000,918.160000,918.160000,835.390000,-622.560000
-207.430000,939.360000
-739.420000,-739.420000
-885.710000,807.140000
11.750000,11.750000,-180.560000,-770.850000,-770.850000
-368.020000,-485.160000
-326.150000,483.530000,-731.620000,-731.620000,-348.230000,-795.340000,-522.280000
-639.770000,-420.480000,-1.690000,606.160000
-188.660000,-874.700000,-895.990000,-895.990000,-895.990000,-895.990000
535.940000,-71.600000,286.510000,-152.690000
848.540000,-181.010000,945.450000,-200.130000,863.740000
-865.070000,0.440000,418.700000
247.840000,530.040000
-868.360000,723.820000
528.440000,-312.970000,848.990000,429.280000,429.280000,-751.740000
-52.490000,-62.970000,396.210000,-780.950000,331.740000,422.270000,-410.570000
-712.210000,-712.210000,480.100000,680.660000,-806.130000
823.490000,902.010000,740.380000,501.030000,501.030000,501.030000
-185.440000,-185.440000,145.860000
-566.720000,496.350000,496.350000,-914.220000,-914.220000,903.620000
3.240000,430.730000,639.140000,639.140000,639.140000
700.410000,422.370000,-410.950000,-543.950000
-885.540000,-947.750000,-453.500000,737.910000,-658.950000,-871.380000,-503.610000
828.110000,477.500000,511.400000,57.230000,-201.370000,-565.320000
362.100000,520.880000,520.880000,635.340000
-301.490000,-243.610000,-366.450000
525.070000,525.070000
603.100000,-39.920000,602.810000,-309.970000
554.210000,554.210000,-647.170000,-104.470000
866.970000,866.970000
685.110000,730.020000
264.020000,-348.620000,259.210000
973.100000,-621.550000
-30.810000,7.400000,776.090000,776.090000,776.090000,444.670000
683.120000,683.120000,-743.070000,-743.070000,-648.390000,527.320000,396.610000
-292.710000,239.370000
498.590000,-167.510000
-211.330000,-211.330000
796.070000,-8.360000,-940.170000,-61.840000,-994.950000,249.410000,-295.790000
-386.420000,738.520000,602.430000,402.490000,402.490000,402.490000
148.980000,-798.540000,770.360000,-758.440000,-623.220000
59.920000,555.130000,555.130000,560.180000,892.850000
589.980000,-564.280000,-564.280000,-564.280000,398.220000
-466.590000,-858.350000,-858.350000,123.340000,223.610000,-893.030000,-539.880000
-301.640000,-79.660000,518.100000
813.660000,456.640000,456.640000,456.640000,-928.480000,-928.480000,202.440000
775.680000,775.680000,917.320000,917.320000
40.660000,40.660000,40.660000,40.660000,40.660000
-605.540000,821.190000,821.190000,-925.330000,-183.100000,-183.100000
-726.470000,830.300000,830.300000,830.300000,830.300000,-201.940000
13.140000,44.280000,-827.870000,971.110000,971.110000,905.450000
-741.140000,-904.010000
-785.600000,-845.280000,-845.280000,-956.970000
-560.490000,313.740000,162.770000,511.190000
741.470000,-505.270000,454.780000
-735.900000,-418.940000,331.330000,658.990000,658.990000,739.030000,739.030000
893.740000,955.350000,955.350000,-605.140000,-710.220000,-333.320000
-820.240000,-35.080000,122.230000
-841.150000,-841.150000,584.730000,414.890000,-285.590000,-452.700000,-187.100000
-55.970000,885.540000
-356.590000,294.230000,151.350000
-186.000000,-857.450000,339.710000,-436.280000,5.480000,105.130000
-277.060000,506.260000,593.880000,-407.980000,-553.520000,113.400000
-564.580000,-564.580000,729.640000,729.640000,692.440000
-280.280000,-280.280000,-940.580000
-276.680000,687.070000,-745.090000,799.050000,783.530000
-631.210000,-631.210000,-631.210000,-716.450000
888.950000,799.880000,799.880000,799.880000,549.860000,221.950000
-126.230000,-572.440000,738.520000,-917.030000
-773.020000,702.850000,112.790000,262.430000
323.450000,-742.890000
-544.700000,-777.470000,791.790000,784.680000,-814.300000,609.610000,-936.450000
992.650000,992.650000,-924.390000,415.000000
-69.510000,526.260000,-296.550000
740.300000,740.300000,347.290000,410.980000
-495.260000,601.470000,-455.590000,-455.590000,-845.990000
359.580000,-160.740000
379.180000,-610.720000,328.350000,-764.790000,736.620000,862.430000,-267.060000
-175.800000,-461.670000
487.240000,487.240000
776.660000,782.630000,-560.500000,-567.730000,468.500000,468.500000
-616.630000,-616.630000,711.710000,39.220000,39.540000,39.540000,-483.550000
556.090000,693.300000,734.650000,835.510000,835.510000,-879.000000
-970.130000,-858.020000,191.140000,191.140000,200.970000,200.970000
-995.030000,-995.030000
44.180000,-618.330000,-299.400000,732.830000
-761.250000,-648.900000,-648.900000,-813.400000
563.830000,216.230000,216.230000,358.200000,-940.790000
-888.140000,-37.500000,265.140000
493.180000,-60.100000,-60.100000
640.490000,64.180000,64.180000,-509.700000,-14.920000,-565.130000
-339.220000,904.800000,610.530000
-689.700000,-689.700000,-577.840000,194.160000,-804.970000,-804.970000
-495.660000,941.220000,941.220000
-285.840000,-660.250000,-660.250000,-411.980000,-512.890000
399.510000,765.340000,402.360000,-432.700000,-432.700000,-201.040000,975.490000
-291.980000,855.320000,-325.150000,-284.390000
99.990000,410.380000,155.620000,-972.240000,-972.240000,50.640000,-564.480000
-429.650000,-429.650000,137.650000,237.430000,237.430000,237.430000,929.710000
383.420000,383.420000,-941.730000
883.350000,542.420000
979.170000,-531.280000,9.910000,-932.670000,601.300000,-123.490000,-659.270000
309.290000,309.290000,245.880000
518.680000,969.940000,-39.390000
-39.640000,21.020000,-54.540000,508.300000,508.300000
-712.010000,138.090000,-1.940000,-141.830000,-141.830000,198.900000
-779.690000,248.670000,-333.260000,-358.230000,669.430000
774.360000,5.420000,-841.080000,-841.080000,667.220000
932.320000,932.320000
70.410000,814.050000,814.050000,688.610000,-632.420000,-58.870000,880.180000
-875.540000,49.080000,-683.060000,-464.520000,656.870000,105.640000
-539.670000,486.220000,-271.950000,463.060000,-883.740000,-792.760000
993.660000,-563.630000,-967.470000,342.090000,-35.950000
-81.890000,42.620000,-772.300000,-215.570000,-692.780000
-893.820000,-893.820000,-893.820000,-904.360000,872.780000
-626.700000,-983.250000
-345.170000,301.740000,-230.360000
-155.670000,-155.670000,762.440000,-922.400000,242.360000
-999.560000,84.300000
-318.140000,-117.410000,-26.630000,-26.630000,185.260000
468.860000,-276.710000
655.110000,-188.970000,-331.150000,-331.150000,703.830000,173.080000
-366.190000,-441.510000,-8.880000
879.440000,879.440000,-237.980000,493.870000
-422.110000,101.390000,881.120000
-829.570000,849.690000,960.970000,-363.190000
-777.640000,292.470000
-311.590000,-311.590000,322.650000,-794.960000
-628.000000,964.100000,-780.590000,-861.070000
810.530000,-220.350000,-220.350000
-684.120000,337.540000,-996.590000
-603.770000,-971.060000,-971.060000,-282.660000,-208.210000
-904.390000,242.060000,722.370000,-971.360000
915.290000,-159.690000
-646.770000,-646.770000,-290.680000,-290.680000,-953.140000
-150.710000,-391.100000,-949.860000
304.570000,694.180000,-192.540000,-192.540000,-950.480000,-184.460000,-713.980000
170.950000,597.620000,-193.200000,-742.240000,153.400000,562.970000,952.930000
974.960000,634.300000,-667.460000
966.710000,209.230000
522.060000,-986.130000,-485.600000,94.910000,94.910000
-307.470000,560.260000,560.260000,76.370000,943.500000,-570.440000
-776.500000,-75.610000,-75.610000,256.920000
-356.240000,-356.240000,-599.750000,-272.480000,545.450000
-286.000000,-72.750000,332.880000,27.700000,-650.790000
-693.530000,-256.610000
-810.880000,140.540000,-175.320000,-175.320000,84.230000,-943.790000,-138.420000
280.530000,-190.490000,989.680000,449.690000,-217.260000,-515.180000
308.240000,-667.820000,-667.820000,68.210000
-700.840000,-96.450000,-973.680000,-791.950000,330.170000
349.230000,-958.410000,403.740000,-385.410000,-986.300000,636.340000,-443.460000
-719.040000,994.230000,994.230000,62.430000,62.430000,271.160000
900.660000,849.440000
785.120000,-130.240000,773.830000,759.250000,475.360000,-968.840000
-554.450000,-554.450000,2.080000,-257.260000,323.750000,-374.830000,-703.450000
657.330000,302.650000,-278.540000,-260.080000,-260.080000,874.250000,874.250000
633.500000,-332.180000,-116.410000,-547.120000
-381.350000,880.600000,602.450000,986.000000,590.520000,629.620000,154.560000
-797.360000,-797.360000,-57.450000,-57.450000,-183.200000,817.180000,-695.630000
-542.380000,-358.140000,739.020000,-634.550000,-634.550000
967.890000,-392.130000
-585.520000,825.120000,825.120000,-242.620000,-242.620000
100.990000,698.050000,698.050000,698.050000
542.880000,454.350000,-467.800000,-330.280000,-618.680000,-618.680000,-618.680000
-447.910000,-447.910000,159.960000,159.960000,-949.630000,-949.630000,-904.660000
-233.380000,655.000000,714.360000,198.400000,-76.410000,-681.310000,805.180000
621.170000,342.300000,55.990000,-896.540000,-831.890000
-196.470000,313.780000,-690.860000
154.180000,425.430000,-350.140000,-810.120000,-810.120000,113.460000,-677.200000
-73.590000,686.070000,-373.930000,230.250000,230.250000,-937.740000
-395.690000,544.860000,544.860000,854.000000
-379.880000,-247.390000,579.600000,579.600000,579.600000,896.500000
-450.900000,-202.470000,503.080000,649.760000,721.030000,-901.570000
-57.740000,666.230000,666.230000
584.310000,634.680000,894.090000,664.100000
-855.980000,-57.450000,452.990000,452.990000,672.280000,596.460000,-43.710000
304.490000,-873.780000,739.240000,638.750000
-123.490000,-10.240000,54.110000,54.110000,618.530000
367.940000,367.940000,-689.510000,-425.190000,-425.190000,-752.920000
51.830000,414.620000,-273.080000,-575.740000,831.150000,768.580000
-630.770000,-773.630000,-757.890000
-435.730000,-435.730000,-435.730000,-435.730000,-435.730000,-757.310000
389.580000,-587.050000,-587.050000,464.780000
-898.730000,-898.730000,-898.730000,-812.920000,-812.920000
679.800000,679.800000,-950.970000,487.310000,114.520000,114.520000,-24.850000
65.200000,-877.360000,555.890000,536.210000
148.870000,433.610000,-675.870000,993.940000
383.500000,383.500000
63.300000,63.300000,63.300000,-533.440000,681.050000,681.050000,-185.950000
-787.330000,-787.330000,-664.700000
-289.590000,-289.590000,-320.750000,-53.800000,204.310000,309.270000,787.640000
108.000000,756.060000,-868.110000,168.720000
-450.570000,-673.420000,305.990000,242.710000,-125.450000,170.920000,153.160000
718.420000,963.010000,369.680000,-879.040000,965.040000,486.600000,486.600000
618.480000,99.830000,138.890000,138.890000,-497.640000,906.080000
616.110000,-825.110000,502.670000,-362.820000,427.400000
-856.200000,872.460000,954.380000,954.380000,440.980000
424.820000,-851.950000,-900.290000
-625.750000,789.280000,372.620000,145.940000,709.230000,709.230000
37.270000,-123.020000,170.320000,261.740000,285.530000,-119.730000,-342.910000
-795.940000,-795.940000
-271.300000,-271.300000,-271.300000,282.790000,282.790000,-344.600000
778.710000,-93.340000,-93.340000,943.920000
341.520000,452.100000,670.320000,647.810000
375.130000,543.510000,543.510000,260.050000,359.790000
-725.330000,-640.920000,-640.920000,14.480000,-125.810000,-125.810000
-414.160000,985.750000,629.160000,-680.280000,-680.280000,-185.410000,-185.410000
-810.280000,-505.410000
-302.620000,-302.620000,-942.830000,-320.790000,190.000000,615.370000
752.140000,-972.420000
75.390000,779.710000,779.710000
-825.960000,935.800000,77.320000
189.760000,641.330000,641.330000,-661.290000
675.250000,-730.110000,-84.250000,-28.590000,664.350000,20.660000
-482.500000,-992.870000,-960.940000
-528.760000,887.290000,379.110000,899.680000,103.650000
916.840000,22.980000,22.980000,22.980000,946.540000,-247.250000,285.070000
641.470000,-890.980000,-598.230000,-543.840000
-932.370000,-257.380000,-257.380000,-257.380000,417.240000,-232.150000,120.990000
963.230000,-723.220000,-723.220000
-776.690000,-810.420000,840.460000,-217.290000,-284.310000,-452.050000
397.820000,-100.540000,731.390000,962.510000,962.510000,499.490000,-207.510000
305.650000,-235.550000,-235.550000,-798.720000,-798.720000,-609.140000
-47.010000,729.670000,713.220000
647.100000,-930.860000
444.510000,-632.740000,-643.140000,-429.520000,-429.520000
362.970000,-853.040000,241.260000,241.260000,442.530000,788.340000
-517.950000,-169.080000
840.480000,-116.970000,89.180000
-876.560000,346.510000,-167.430000,-167.430000,403.040000,552.370000,-963.490000
-115.330000,428.700000,-279.710000,348.820000
445.830000,384.590000,384.590000
928.730000,418.170000,492.720000,551.590000,-967.710000
-457.420000,787.190000,-704.310000,-861.220000,-861.220000,416.540000,-1.670000
-612.510000,-309.490000,-309.490000,-924.900000
-632.120000,-968.610000,-968.610000,524.100000,-426.690000,359.920000
-94.100000,-255.360000,-601.060000,146.950000,-264.320000,817.650000,817.650000
-794.860000,390.820000,-481.580000,529.280000,469.720000,-327.660000
84.750000,84.750000,448.070000,-977.820000
463.130000,362.130000,362.130000,-490.920000,-199.690000,-926.340000
772.870000,-384.540000,-682.770000,-370.420000,-370.420000,-900.710000
-307.500000,-508.100000,655.450000,655.450000,677.620000,515.470000
656.060000,-490.940000,633.540000,237.680000,237.680000,237.680000
985.970000,-825.780000,592.990000,-850.310000
-96.920000,-694.360000,-951.260000,149.240000,149.240000,-173.150000,-434.090000
938.690000,938.690000,938.690000
576.970000,341.490000
-66.660000,270.110000,-473.750000,-14.560000,722.990000,-766.890000,-95.780000
328.560000,328.560000,317.260000,702.990000,702.990000,-25.740000
462.090000,642.370000
844.250000,-676.810000,335.880000,335.880000,862.130000,155.480000,-110.430000
425.270000,-341.720000
497.940000,-971.700000
513.340000,513.340000
31.990000,953.640000,460.110000,460.110000,304.360000,856.300000,915.740000
-748.010000,-748.010000
407.460000,505.740000,-604.720000,-604.720000
547.440000,-619.610000,988.260000,988.260000,-596.670000,-987.450000
419.770000,952.960000,-222.990000,-190.830000,-551.460000,110.930000,-125.080000
196.400000,679.910000
-944.210000,139.100000
880.090000,217.100000
-978.150000,-978.150000,-965.600000,-965.600000,507.050000,507.050000,-715.950000
881.310000,-88.340000,-746.080000,14.980000,-665.570000
-547.800000,-547.800000,951.890000
-319.740000,-319.740000,-319.740000,-319.740000
801.870000,-694.720000,-694.720000
-575.440000,425.450000
627.360000,627.360000,-229.660000,518.070000,938.260000,796.550000
928.670000,-801.220000,-799.370000
-939.670000,43.990000
638.380000,475.440000,475.440000
-29.430000,-974.570000,864.900000,864.900000,242.910000,84.810000
447.370000,294.000000,295.750000
492.650000,-397.270000,-397.270000,-336.940000,-336.940000,-336.940000
364.240000,-903.840000,330.450000,676.090000,462.740000,8.650000
-216.110000,-167.870000,-120.880000,-120.880000,-876.970000
-938.500000,-938.500000,-335.770000,403.960000
34.810000,948.010000,854.750000
706.930000,110.890000,-458.940000
-76.000000,-679.050000,-679.050000,153.080000,860.570000
-908.450000,-908.450000,-846.950000,-846.950000,-182.730000,-791.380000
943.000000,-907.450000,269.790000,-951.040000,247.600000,-3.970000
-644.030000,-857.830000,527.180000,316.550000,-696.500000,371.340000
561.140000,267.370000,878.790000,-477.050000,-477.050000,-384.500000,-839.180000
-787.220000,999.800000
611.820000,611.820000,-842.460000,-842.460000,684.720000,381.090000
561.910000,-556.210000,-649.680000,291.970000,293.170000,251.670000
658.990000,658.990000,819.800000,491.540000,-380.830000
-952.600000,136.990000
-596.650000,889.650000,889.650000
-37.900000,371.790000,248.260000,248.260000
-459.770000,-886.570000,702.480000
-32.830000,-492.860000,-811.000000,-811.000000,-191.840000,269.940000
-728.050000,651.690000,364.520000,-943.920000,-462.900000,732.500000,732.500000
-447.230000,600.780000,633.770000
894.570000,-127.120000,387.890000,-599.620000
870.040000,880.350000,807.280000
-229.950000,-280.270000,336.830000,-379.420000,-221.160000,914.650000,-268.490000
997.790000,-181.340000,-181.340000,691.540000,-645.920000
-305.560000,-376.550000,-155.150000
-962.960000,-488.150000,-80.210000,-345.390000
215.910000,-255.040000,-255.040000,-923.440000,-150.650000
-281.390000,-281.390000,-281.390000,-281.390000,-739.240000,-887.050000,3.380000
184.960000,184.960000,221.990000,-9.950000,-31.930000,-31.930000,-65.810000
-386.330000,-386.330000,947.600000,947.600000,-203.060000,-203.060000
-535.060000,-535.060000,824.480000,218.730000,218.730000,-777.900000,-802.370000
152.020000,-881.400000
959.390000,727.430000,-979.160000,767.430000,767.430000
715.030000,728.230000,285.720000,-23.100000,-596.880000,139.950000
-261.210000,843.930000,-649.750000,-649.750000,769.870000
-293.330000,-293.330000
-565.910000,140.330000,-349.560000
914.580000,-704.010000,-704.010000
581.710000,854.310000,269.200000
